9.325575361949985931e-01 -2.502603506140437806e-01 2.602041479232213295e-01 0.000000000000000000e+00 3.587495932628915751e-01 7.231108899963472059e-01 -5.902621198267771208e-01 0.000000000000000000e+00 -4.043724792346378716e-02 6.438015204076692477e-01 7.641233089633830966e-01 0.000000000000000000e+00 0.000000000000000000e+00 0.000000000000000000e+00 0.000000000000000000e+00 1.000000000000000000e+00 -1.515008169119683168e-01 3.608119805201958075e-01 -4.162537151582612616e-02 3.653074674035309277e-01 2.573586802108629445e-02 1.598723377907882437e-01
9.322586946045801071e-01 -2.503477394969381709e-01 2.611890811889450714e-01 1.871673614717466079e-03 3.593924333239977287e-01 7.238270931115068363e-01 -5.889918661076203321e-01 2.888696014825744966e-04 -4.160295128085363114e-02 6.429621674591651237e-01 7.647671842175303158e-01 4.802281478204684009e-04 0.000000000000000000e+00 0.000000000000000000e+00 0.000000000000000000e+00 1.000000000000000000e+00 -2.829639819133716316e-01 1.787145254872489764e-01 -4.248323261401306533e-02 3.664004805123188269e-01 -5.913291699900805054e-03 1.140765756940344822e-01
9.321994524982314401e-01 -2.505753733414557982e-01 2.611822427647029765e-01 3.729460288263739681e-03 3.594880382416483777e-01 7.249204041867673975e-01 -5.875872346567760918e-01 6.000545310089083241e-04 -4.210144659045289561e-02 6.416403900882389211e-01 7.658492532730453162e-01 6.847687339783091074e-04 0.000000000000000000e+00 0.000000000000000000e+00 0.000000000000000000e+00 1.000000000000000000e+00 -4.025162407342980919e-01 2.869756932782602243e-03 -5.200838745035262639e-02 3.676822865442352373e-01 -3.744503253307888274e-02 6.944998117842360319e-02
9.323772172398171465e-01 -2.508966816840234593e-01 2.602375475728167520e-01 5.576225960028795801e-03 3.590404257445518610e-01 7.263673083891297733e-01 -5.860721001077007219e-01 9.270668185616295475e-04 -4.198450224358494381e-02 6.398760730549359899e-01 7.673303810796799906e-01 6.224626078107331180e-04 0.000000000000000000e+00 0.000000000000000000e+00 0.000000000000000000e+00 1.000000000000000000e+00 -5.114474358077722993e-01 -1.620536036690685688e-01 -6.581855766334608615e-02 3.690424055260456138e-01 -6.876983807864142650e-02 2.730665523060044064e-02
9.327719004838695982e-01 -2.512910425646362467e-01 2.584364431870362355e-01 7.417316799532340695e-03 3.580923075883944984e-01 7.281378607768308475e-01 -5.844528686032541831e-01 1.257890402376154321e-03 -4.130958872115211844e-02 6.377053145253421818e-01 7.691719254906205228e-01 3.094466510699386353e-04 0.000000000000000000e+00 0.000000000000000000e+00 0.000000000000000000e+00 1.000000000000000000e+00 -6.108695465414136772e-01 -3.079990424129941951e-01 -7.722153852086009740e-02 3.703861674818935135e-01 -9.982609321931958102e-02 -9.941492145881684894e-03
9.333536823397461379e-01 -2.517534200381443266e-01 2.558732517668174111e-01 9.259196525198399447e-03 3.567072472769654001e-01 7.301992651956660252e-01 -5.827254701993417330e-01 1.577934886866997396e-03 -4.013533094828965198e-02 6.351608058061630757e-01 7.713364424308007949e-01 -2.346157349231331761e-04 0.000000000000000000e+00 0.000000000000000000e+00 0.000000000000000000e+00 1.000000000000000000e+00 -7.017187260188931797e-01 -4.367376129819559027e-01 -8.638915484845215154e-02 3.716397568502396997e-01 -1.305744113541625617e-01 -4.293288937391178534e-02
9.340942580561861774e-01 -2.522785733171659661e-01 2.526330154665429317e-01 1.110746012931250644e-02 3.549430474886554610e-01 7.325216628929430707e-01 -5.808850551387884087e-01 1.874398825507074366e-03 -3.851430427207386264e-02 6.322717260253671867e-01 7.737888047980652217e-01 -9.922119403309114481e-04 0.000000000000000000e+00 0.000000000000000000e+00 0.000000000000000000e+00 1.000000000000000000e+00 -7.848307714154775239e-01 -5.498947436113124088e-01 -9.349389223298598672e-02 3.727482339793959931e-01 -1.609855986955963658e-01 -7.221665201227475683e-02
9.349671290630913179e-01 -2.528612158145912558e-01 2.487924340574228232e-01 1.296691101709822325e-02 3.528521990913236484e-01 7.350778707568703663e-01 -5.789264637539655034e-01 2.136030741307061442e-03 -3.649376389652719127e-02 6.290641701850504530e-01 7.764962824786952877e-01 -1.947671397106797309e-03 0.000000000000000000e+00 0.000000000000000000e+00 0.000000000000000000e+00 1.000000000000000000e+00 -8.609515182697269342e-01 -6.489574851955978163e-01 -9.870515589757254682e-02 3.736710233323625174e-01 -1.910381999747629567e-01 -9.826554317137906058e-02
9.359477707274663771e-01 -2.534961298429743715e-01 2.444207128540556717e-01 1.484163585198228046e-02 3.504823128623009709e-01 7.378431351801375548e-01 -5.768445693621236936e-01 2.352925376069609116e-03 -3.411627996055362905e-02 6.255615244084639093e-01 7.794285473580166990e-01 -3.086905447468164983e-03 0.000000000000000000e+00 0.000000000000000000e+00 0.000000000000000000e+00 1.000000000000000000e+00 -9.307463041468766463e-01 -7.352826406063122100e-01 -1.021866406749417228e-01 3.743784496754133384e-01 -2.207166130421789885e-01 -1.214870062640720505e-01
9.370137075415319039e-01 -2.541782472849264396e-01 2.395803264439693714e-01 1.673507548395065589e-02 3.478765284434662819e-01 7.407949030131155688e-01 -5.746345217887026680e-01 2.516349750674007086e-03 -3.142028988383967214e-02 6.217847948570370820e-01 7.825576248190065920e-01 -4.397187640150433847e-03 0.000000000000000000e+00 0.000000000000000000e+00 0.000000000000000000e+00 1.000000000000000000e+00 -9.948085423178343323e-01 -8.101053526651207370e-01 -1.040945556942021177e-01 3.748490852222385317e-01 -2.500096425227517072e-01 -1.422325590143322382e-01
9.381445200583562460e-01 -2.549027043906345602e-01 2.343277046709150713e-01 1.865009104590544323e-02 3.450738975853495094e-01 7.439126101562522075e-01 -5.722919138779695158e-01 2.618594471488775235e-03 -2.844057865817942524e-02 6.177528960819651527e-01 7.858578082742497806e-01 -5.866967734815356841e-03 0.000000000000000000e+00 0.000000000000000000e+00 0.000000000000000000e+00 1.000000000000000000e+00 -1.053667458909681054e+00 -8.745478374225349461e-01 -1.045765010738768513e-01 3.750677230433065446e-01 -2.789093922290331040e-01 -1.608057956789311627e-01
9.393218026608514126e-01 -2.556648771077120186e-01 2.287138476478142446e-01 2.058902479080957151e-02 3.421097404575325629e-01 7.471774877091419409e-01 -5.698128889413917042e-01 2.652846438539727039e-03 -2.520869667503877753e-02 6.134829038989733085e-01 7.893055493561201841e-01 -7.485713889379648663e-03 0.000000000000000000e+00 0.000000000000000000e+00 0.000000000000000000e+00 1.000000000000000000e+00 -1.107795053628303439e+00 -9.296280348583759734e-01 -1.037708370245446071e-01 3.750238331674857761e-01 -3.074104188558354211e-01 -1.774692078101282322e-01
9.405290870147930971e-01 -2.564604019386788614e-01 2.227848765048456303e-01 2.255375557180739482e-02 3.390159749549846446e-01 7.505723851687488013e-01 -5.671942034491492812e-01 2.613079717431042448e-03 -2.175332356840845027e-02 6.089902772515679574e-01 7.928793333014376721e-01 -9.243778475916591963e-03 0.000000000000000000e+00 0.000000000000000000e+00 0.000000000000000000e+00 1.000000000000000000e+00 -1.157612346591692765e+00 -9.762680154986190795e-01 -1.018064202475943009e-01 3.747103899928548310e-01 -3.355090871017072374e-01 -1.924500022295011492e-01
9.417517426521981871e-01 -2.572851861937979212e-01 2.165825262712428034e-01 2.454574908352022411e-02 3.358214196788920636e-01 7.540816098944105317e-01 -5.644332562837919287e-01 2.493961846058841310e-03 -1.810058548341032109e-02 6.042890529651094855e-01 7.965595466469101993e-01 -1.113228376110804788e-02 0.000000000000000000e+00 0.000000000000000000e+00 0.000000000000000000e+00 1.000000000000000000e+00 -1.203494973459425132e+00 -1.015302032578558222e+00 -9.880261000005138849e-02 3.741229847526364449e-01 -3.632030799722119618e-01 -2.059450677176636602e-01
9.429768634136437289e-01 -2.581354106109311486e-01 2.101445868529823735e-01 2.656610311822534334e-02 3.325520717371178714e-01 7.576907818904560221e-01 -5.615280934472087759e-01 2.290773273915185093e-03 -1.427433219339476443e-02 5.993920167929153164e-01 8.003283424659880518e-01 -1.314302433172316945e-02 0.000000000000000000e+00 0.000000000000000000e+00 0.000000000000000000e+00 1.000000000000000000e+00 -1.245778188902808115e+00 -1.047484148419572492e+00 -9.486946802804087364e-02 3.732591563528969147e-01 -3.904910285318452523e-01 -2.181252187404392195e-01
9.441931463226419519e-01 -2.590075266063325832e-01 2.035052975730386737e-01 2.861558816955718856e-02 3.292313607805187337e-01 7.613867028675146420e-01 -5.584773951519711455e-01 1.999337989380476754e-03 -1.029637959904742758e-02 5.943108537141659209e-01 8.041695069167902332e-01 -1.526838367228517714e-02 0.000000000000000000e+00 0.000000000000000000e+00 0.000000000000000000e+00 1.000000000000000000e+00 -1.284761335234091639e+00 -1.073495393177103852e+00 -9.010809386099828677e-02 3.721178891103154029e-01 -4.173722334927039701e-01 -2.291388248250206816e-01
9.453907677667571230e-01 -2.598982498646561501e-01 1.966957002311399139e-01 3.069468375606043686e-02 3.258803808288183168e-01 7.651572385081318872e-01 -5.552804506556731079e-01 1.615963690105902103e-03 -6.186722357282322185e-03 5.890562800574125069e-01 8.080683297459305692e-01 -1.750126273350709888e-02 0.000000000000000000e+00 0.000000000000000000e+00 0.000000000000000000e+00 1.000000000000000000e+00 -1.320711829188714548e+00 -1.093950436115772584e+00 -8.461105060848474191e-02 3.706992377217862566e-01 -4.438464573042026906e-01 -2.391149174972023450e-01
9.465612605308262317e-01 -2.608045515429239791e-01 1.897439551434147165e-01 3.280361084989322218e-02 3.225181014873237384e-01 7.689912128644862399e-01 -5.519371249430693460e-01 1.137390102945852422e-03 -1.963720702741031561e-03 5.836381596877601163e-01 8.120114805332302454e-01 -1.983501868436388788e-02 0.000000000000000000e+00 0.000000000000000000e+00 0.000000000000000000e+00 1.000000000000000000e+00 -1.353868715763540065e+00 -1.109403765719757740e+00 -7.846284714380244441e-02 3.690040489428265680e-01 -4.699137702600060806e-01 -2.481658525639439394e-01
9.476973941947016700e-01 -2.617236480271296628e-01 1.826756241546584336e-01 3.494236079121023492e-02 3.191615601441790129e-01 7.728783138436946532e-01 -5.484478203669718166e-01 5.607442709464099040e-04 2.355735066454490642e-03 5.780656062048116217e-01 8.159868918105568358e-01 -2.226341233239982273e-02 0.000000000000000000e+00 0.000000000000000000e+00 0.000000000000000000e+00 1.000000000000000000e+00 -1.384445833878003462e+00 -1.120355386564223732e+00 -7.174045098470445414e-02 3.670337565278307124e-01 -4.955744378903959024e-01 -2.563895935934366044e-01
9.487930606116987686e-01 -2.626529899214551378e-01 1.755139241851364496e-01 3.711072105265667692e-02 3.158260366884553805e-01 7.768090087806034383e-01 -5.448134355758222913e-01 -1.164981976526828847e-04 6.756079473546634101e-03 5.723470728467952018e-01 8.199836496990804413e-01 -2.478056293777082530e-02 0.000000000000000000e+00 0.000000000000000000e+00 0.000000000000000000e+00 1.000000000000000000e+00 -1.412634634587796034e+00 -1.127256048997046678e+00 -6.451381276677126131e-02 3.647902314533763568e-01 -5.208288398107671080e-01 -2.638716723746459825e-01
9.498431655757872960e-01 -2.635902507524869320e-01 1.682799544828736393e-01 3.930829819550232113e-02 3.125252122169539515e-01 7.807744691527271907e-01 -5.410353234427852653e-01 -8.965467739941677125e-04 1.122294358508998946e-02 5.664904315789028866e-01 8.239918923471323264e-01 -2.738090934602744470e-02 0.000000000000000000e+00 0.000000000000000000e+00 0.000000000000000000e+00 1.000000000000000000e+00 -1.438606688731387084e+00 -1.130512033131090499e+00 -5.684638833066884417e-02 3.622756736662308685e-01 -5.456774124428562800e-01 -2.706868736425103172e-01
9.508435273261216514e-01 -2.645333157212305109e-01 1.609929004011869391e-01 4.153453833240077636e-02 3.092713131122298842e-01 7.847665035525668298e-01 -5.371152492344405394e-01 -1.781325276251323518e-03 1.574304140301950594e-02 5.605030426561331547e-01 8.280027161871327257e-01 -3.005917653036047077e-02 0.000000000000000000e+00 0.000000000000000000e+00 0.000000000000000000e+00 1.000000000000000000e+00 -1.462515917279841426e+00 -1.130489512072063940e+00 -4.879564841537235853e-02 3.594925348511128216e-01 -5.701206097635679315e-01 -2.769006841873883906e-01
9.517907821949891378e-01 -2.654802707236386672e-01 1.536702162079348344e-01 4.378874538374494946e-02 3.060752417828575545e-01 7.887774980956786530e-01 -5.330553498891708042e-01 -2.772497383242791304e-03 2.030406907031448785e-02 5.543918157887662845e-01 8.320080898422703708e-01 -3.281034677209423989e-02 0.000000000000000000e+00 0.000000000000000000e+00 0.000000000000000000e+00 1.000000000000000000e+00 -1.484500574315689603e+00 -1.127518521211663405e+00 -4.041356900879305297e-02 3.564434642179824531e-01 -5.941588775818161805e-01 -2.825705404185376302e-01
9.526822974541888644e-01 -2.664293917774269160e-01 1.463277891547611620e-01 4.607009738656440284e-02 3.029466952638687482e-01 7.928003635063016752e-01 -5.288580949937301545e-01 -3.871488926614433373e-03 2.489461529637399667e-02 5.481632638984031969e-01 8.360007753840830169e-01 -3.562963482358497830e-02 0.000000000000000000e+00 0.000000000000000000e+00 0.000000000000000000e+00 1.000000000000000000e+00 -1.504685009495337900e+00 -1.121896561194857256e+00 -3.174709774884939412e-02 3.531312712342948301e-01 -6.177926378854056155e-01 -2.877469033440281931e-01
9.535160912348451534e-01 -2.673791349325007616e-01 1.389800867882609037e-01 4.837766108782264735e-02 2.998942727835539057e-01 7.968284881845314471e-01 -5.245262498331094703e-01 -5.079507417550406176e-03 2.950408163032780529e-02 5.418235503311533696e-01 8.399742565569257025e-01 -3.851246649438305053e-02 0.000000000000000000e+00 0.000000000000000000e+00 0.000000000000000000e+00 1.000000000000000000e+00 -1.523181234048582633e+00 -1.113891862129902321e+00 -2.283859354591007140e-02 3.495589007058735875e-01 -6.410222806062114698e-01 -2.924741856139647656e-01
9.542907592705017761e-01 -2.683281266991196512e-01 1.316402892671690028e-01 5.071040502840833131e-02 2.969255733142706077e-01 8.008556966189025461e-01 -5.200628407290757149e-01 -6.397559198798257948e-03 3.412261139842346497e-02 5.353785302893655507e-01 8.439226735336536889e-01 -4.145446018281265244e-02 0.000000000000000000e+00 0.000000000000000000e+00 0.000000000000000000e+00 1.000000000000000000e+00 -1.540090311827885916e+00 -1.103746335986187876e+00 -1.372623793398811652e-02 3.457294167428796028e-01 -6.638481607758066616e-01 -2.967915516243077589e-01
9.550054081301666553e-01 -2.692751549978432690e-01 1.243204082571654628e-01 5.306721130040478740e-02 2.940472840406619381e-01 8.048762125651480748e-01 -5.154711227649366734e-01 -7.826464557253325072e-03 3.874102628079943017e-02 5.288337871519547262e-01 8.478407637402064490e-01 -4.445141094366730078e-02 0.000000000000000000e+00 0.000000000000000000e+00 0.000000000000000000e+00 1.000000000000000000e+00 -1.555503594624573660e+00 -1.091678243099382550e+00 -4.444417649959439554e-03 3.416459930137831780e-01 -6.862705995262378122e-01 -3.007336085892173272e-01
9.556595945566350725e-01 -2.702191606151170822e-01 1.170313938047195523e-01 5.544688613852154918e-02 2.912652605993506505e-01 8.088846264654471208e-01 -5.107545499088055330e-01 -9.366871084930715810e-03 4.335076963800887223e-02 5.221946642739174749e-01 8.517238082785595354e-01 -4.749927674068202960e-02 0.000000000000000000e+00 0.000000000000000000e+00 0.000000000000000000e+00 1.000000000000000000e+00 -1.569503818902062031e+00 -1.077884597413406143e+00 4.975921335915648933e-03 3.373119073514582733e-01 -7.082898877636205626e-01 -3.043310038719695410e-01
9.562532704979258558e-01 -2.711592291355380824e-01 1.097832304408599691e-01 5.784816948691377109e-02 2.885845998700127812e-01 8.128758666324470417e-01 -5.059167474874680659e-01 -1.101926553559699068e-02 4.794385581250985850e-02 5.154662927863643551e-01 8.555675834826074189e-01 -5.059416658159662794e-02 0.000000000000000000e+00 0.000000000000000000e+00 0.000000000000000000e+00 1.000000000000000000e+00 -1.582166079239718970e+00 -1.062543333638425791e+00 1.450694759824366908e-02 3.327305392787976435e-01 -7.299062916302000437e-01 -3.076109416437157185e-01
9.567867334097839294e-01 -2.720945833144520765e-01 1.025850236324431231e-01 6.026974366495531366e-02 2.860097060287883353e-01 8.168451737687066894e-01 -5.009614869219906064e-01 -1.278398438958563803e-02 5.251282472826954151e-02 5.086536158579038069e-01 8.593683171560105860e-01 -5.373233027542365786e-02 0.000000000000000000e+00 0.000000000000000000e+00 0.000000000000000000e+00 1.000000000000000000e+00 -1.593558692117015951e+00 -1.045815257970907686e+00 2.412364474657937435e-02 3.279053694031510702e-01 -7.511200590925650733e-01 -3.105976300533090373e-01
9.572605814100695332e-01 -2.730245758510656540e-01 9.544507758026948840e-02 6.271024123977356202e-02 2.835443505111632789e-01 8.207880784349773640e-01 -4.958926626097935331e-01 -1.466122330950085303e-02 5.705070119538856177e-02 5.017614098252719534e-01 8.631226490618751912e-01 -5.691014958717647426e-02 0.000000000000000000e+00 0.000000000000000000e+00 0.000000000000000000e+00 1.000000000000000000e+00 -1.603743962178756588e+00 -1.027845802462762803e+00 3.380353729546464736e-02 3.228399799176384644e-01 -7.719314271645961734e-01 -3.133126684878037582e-01
9.576756728777194860e-01 -2.739486825215650678e-01 8.837096525840444639e-02 6.516825219937333324e-02 2.811917264725680710e-01 8.247003811200337431e-01 -4.907142708224071503e-01 -1.665104564388564592e-02 6.155095839852547240e-02 4.947943025546764351e-01 8.668275952590365208e-01 -6.012413059578330249e-02 0.000000000000000000e+00 0.000000000000000000e+00 0.000000000000000000e+00 1.000000000000000000e+00 -1.612778861791745788e+00 -1.008766601582987921e+00 4.352644044024370218e-02 3.175380556647685037e-01 -7.923406294049424314e-01 -3.157753831381776011e-01
9.580330901069447069e-01 -2.748664956329461839e-01 8.136959149567128680e-02 6.764233050783348411e-02 2.789544982807475315e-01 8.285781346007323744e-01 -4.854303904806671621e-01 -1.875339011387415489e-02 6.600748510979359551e-02 4.877567893545335931e-01 8.704805159069664011e-01 -6.337089708702978164e-02 0.000000000000000000e+00 0.000000000000000000e+00 0.000000000000000000e+00 1.000000000000000000e+00 -1.620715633515731113e+00 -9.886969080158821699e-01 5.327423219172131019e-02 3.120033853805930790e-01 -8.123479034292594436e-01 -3.180031179215040971e-01
9.583341066492243598e-01 -2.757777177607216301e-01 7.444724981709001377e-02 7.013100011320665128e-02 2.768348465241975975e-01 8.324176283137928456e-01 -4.800451656674833978e-01 -2.096807779884312523e-02 7.041455622029429984e-02 4.806532467243685991e-01 8.740790861896309272e-01 -6.664718483581148767e-02 0.000000000000000000e+00 0.000000000000000000e+00 0.000000000000000000e+00 1.000000000000000000e+00 -1.627602324052397798e+00 -9.677448633046126236e-01 6.303064630154116277e-02 3.062398628587829630e-01 -8.319534982540279788e-01 -3.200114868182735717e-01
9.585801579998225463e-01 -2.766821557368939200e-01 6.760967368881323769e-02 7.263276046924600771e-02 2.748345089753614912e-01 8.362153744906534181e-01 -4.745627897408202234e-01 -2.329481852068462575e-02 7.476680623085449340e-02 4.734879441929799593e-01 8.776212700370492614e-01 -6.994983665130305450e-02 0.000000000000000000e+00 0.000000000000000000e+00 0.000000000000000000e+00 1.000000000000000000e+00 -1.633483257292403623e+00 -9.460086375901962663e-01 7.278108442654421251e-02 3.002514878634775508e-01 -8.511576813468789693e-01 -3.218145928358038810e-01
9.587728153107533124e-01 -2.775797148582110907e-01 6.086208274379945049e-02 7.514609162378332874e-02 2.729548179055484303e-01 8.399680958338552328e-01 -4.689874909148488147e-01 -2.573321671216931630e-02 7.905920538294101962e-02 4.662650544709883715e-01 8.811052963511711855e-01 -7.327579807533168843e-02 0.000000000000000000e+00 0.000000000000000000e+00 0.000000000000000000e+00 1.000000000000000000e+00 -1.638399453239849812e+00 -9.235774514212008457e-01 8.251244602349307178e-02 2.940423666851865181e-01 -8.699607453021570569e-01 -3.234252180837925983e-01
9.589137618374621308e-01 -2.784703932884952660e-01 5.420922450614461263e-02 7.766945891935930768e-02 2.711967341104131735e-01 8.436727145379524506e-01 -4.633235191843809164e-01 -2.828277684264224670e-02 8.328703814603560796e-02 4.589886621181250015e-01 8.845296374695226227e-01 -7.662211363867234282e-02 0.000000000000000000e+00 0.000000000000000000e+00 0.000000000000000000e+00 1.000000000000000000e+00 -1.642388998845252690e+00 -9.005324914220158572e-01 9.221297452708800135e-02 2.876167122812793853e-01 -8.883630140932151642e-01 -3.248549888275690800e-01
9.590047718513319275e-01 -2.793542766325742277e-01 4.765541207886535985e-02 8.020131734543844981e-02 2.695608779700476854e-01 8.473263424801323884e-01 -4.575751344759232953e-01 -3.094290846372353340e-02 8.744588380872395095e-02 4.516627709036605265e-01 8.878929896255592924e-01 -7.998592359249032113e-02 0.000000000000000000e+00 0.000000000000000000e+00 0.000000000000000000e+00 1.000000000000000000e+00 -1.645487376112140465e+00 -8.769477305079258489e-01 1.018721184377740369e-01 2.809788439761853884e-01 -9.063648488771656186e-01 -3.261145188529304129e-01
9.590476917740111684e-01 -2.802315326629258307e-01 4.120455821229623145e-02 8.274011557611572754e-02 2.680475578360355104e-01 8.509262724257408150e-01 -4.517465959174511436e-01 -3.371293092854647788e-02 9.153159894800831642e-02 4.442913100188838893e-01 8.911942551886105068e-01 -8.336446104302028259e-02 0.000000000000000000e+00 0.000000000000000000e+00 0.000000000000000000e+00 1.000000000000000000e+00 -1.647727752249932731e+00 -8.528906623218984739e-01 1.114804060266159080e-01 2.741331867197829286e-01 -9.239666533454914399e-01 -3.272135340204101461e-01
9.590444233122134010e-01 -2.811024061834888066e-01 3.486020612752110254e-02 8.528429972253971647e-02 2.666567960089685219e-01 8.544699701119359281e-01 -4.458421521278863597e-01 -3.659207783016125981e-02 9.554030157541838764e-02 4.368781392832057908e-01 8.944325264885890636e-01 -8.675504942702337574e-02 0.000000000000000000e+00 0.000000000000000000e+00 0.000000000000000000e+00 1.000000000000000000e+00 -1.649141236118782716e+00 -8.284229586379975308e-01 1.210293324488670996e-01 2.670842699182095492e-01 -9.411688786265679507e-01 -3.281609804953006804e-01
9.589969083928651106e-01 -2.819672140181476716e-01 2.862555743087461316e-02 8.783231682524574035e-02 2.653883525436971369e-01 8.579550670888977937e-01 -4.398660324359962570e-01 -3.957950119789704208e-02 9.946835677980818413e-02 4.294270534700275754e-01 8.976070710512440431e-01 -9.015510027380325975e-02 0.000000000000000000e+00 0.000000000000000000e+00 0.000000000000000000e+00 1.000000000000000000e+00 -1.649757104743404312e+00 -8.036010576257395233e-01 1.305112581430907803e-01 2.598367258614685538e-01 -9.579720277549449436e-01 -3.289651188032781115e-01
9.589071157181898730e-01 -2.828263401141440370e-01 2.250349742105651335e-02 9.038261810813193187e-02 2.642417470957716397e-01 8.613793542125705027e-01 -4.338224389468066100e-01 -4.267427548456622505e-02 1.033123637056556077e-01 4.219417858647538377e-01 9.007173180886476338e-01 -9.356211120675396453e-02 0.000000000000000000e+00 0.000000000000000000e+00 0.000000000000000000e+00 1.000000000000000000e+00 -1.649603003256147504e+00 -7.784766900940091050e-01 1.399193174768479930e-01 2.523952877782593696e-01 -9.743766597281219299e-01 -3.296336055720606728e-01
9.587770287784795897e-01 -2.836802307530933431e-01 1.649661805939017095e-02 9.293366201284775086e-02 2.632162790009335840e-01 8.647407756959498704e-01 -4.277155393815187945e-01 -4.587540137228966058e-02 1.070691437225362169e-01 4.144260111550399639e-01 9.037628461068789587e-01 -9.697366414370114929e-02 0.000000000000000000e+00 0.000000000000000000e+00 0.000000000000000000e+00 1.000000000000000000e+00 -1.648705121259007367e+00 -7.530973501274990101e-01 1.492473366816584046e-01 2.447647875515667482e-01 -9.903833931752178410e-01 -3.301735645703618438e-01
9.586086351769327329e-01 -2.845293898643974084e-01 1.060723884586422042e-02 9.548391702983433094e-02 2.623110457599518441e-01 8.680374236375973940e-01 -4.215494606242601860e-01 -4.918180942031491476e-02 1.107357296564851490e-01 4.068833477423854927e-01 9.067433715085596591e-01 -1.003874236608027354e-01 0.000000000000000000e+00 0.000000000000000000e+00 0.000000000000000000e+00 1.000000000000000000e+00 -1.647088348264717172e+00 -7.275067158880855755e-01 1.584897601982061810e-01 2.369501531295634678e-01 -1.005992909663955492e+00 -3.305916484406951072e-01
9.584039171360794196e-01 -2.853743744376547875e-01 4.837425818502805695e-03 9.803186434010191519e-02 2.615249600833959853e-01 8.712675329564827376e-01 -4.153282829157388112e-01 -5.259236357440044696e-02 1.143093559674148024e-01 3.993173595543574317e-01 9.096587380820908564e-01 -1.038011354895993915e-01 0.000000000000000000e+00 0.000000000000000000e+00 0.000000000000000000e+00 1.000000000000000000e+00 -1.644776410584048110e+00 -7.017450257731430163e-01 1.676415846269875276e-01 2.289564056659636193e-01 -1.021205956673173043e+00 -3.308940923374200649e-01
9.581648430690309359e-01 -2.862157900321999904e-01 -8.109911289689714087e-04 1.005760002800015901e-01 2.608567656349415342e-01 8.744294766715507983e-01 -4.090560346400081704e-01 -5.610586455406824796e-02 1.177874497688090605e-01 3.917315574279282564e-01 9.125089072822318847e-01 -1.072126251210373110e-01 0.000000000000000000e+00 0.000000000000000000e+00 0.000000000000000000e+00 1.000000000000000000e+00 -1.641791991765833458e+00 -6.758494145977219647e-01 1.766982995494062736e-01 2.207886564225834958e-01 -1.036023350257970987e+00 -3.310867605215955800e-01
9.578933601111744300e-01 -2.870542863831698766e-01 -6.336402436514815273e-03 1.031148386397017086e-01 2.603050515973613921e-01 8.775217614726854576e-01 -4.027366876560836140e-01 -5.972105313121763015e-02 1.211676225967310838e-01 3.841294001265256886e-01 9.152939492181377812e-01 -1.106197964940015405e-01 0.000000000000000000e+00 0.000000000000000000e+00 0.000000000000000000e+00 1.000000000000000000e+00 -1.638156838464444931e+00 -6.498542139931382522e-01 1.856558345495442075e-01 2.124521034648803597e-01 -1.050445977433858369e+00 -3.311751868261380571e-01
9.575913875190623648e-01 -2.878905531045244937e-01 -1.173740441786360819e-02 1.056469128047755474e-01 2.598682661723386578e-01 8.805430235370944603e-01 -3.963741531311115174e-01 -6.343661331118474744e-02 1.244476628449003031e-01 3.765142950463150062e-01 9.180140342752411975e-01 -1.140206307491618970e-01 0.000000000000000000e+00 0.000000000000000000e+00 0.000000000000000000e+00 1.000000000000000000e+00 -1.633891853403253824e+00 -6.237912207864395597e-01 1.945105118274218226e-01 2.039520281789024281e-01 -1.064474798305074632e+00 -3.311646097854137882e-01
9.572608108532261184e-01 -2.887253154902642560e-01 -1.701278601134992297e-02 1.081707777492112582e-01 2.595447291135132839e-01 8.834920245516612036e-01 -3.899722778362092468e-01 -6.725117542527446479e-02 1.276255287913355685e-01 3.688895986608841104e-01 9.206694253065131894e-01 -1.174131850318016201e-01 0.000000000000000000e+00 0.000000000000000000e+00 0.000000000000000000e+00 1.000000000000000000e+00 -1.629017176919149934e+00 -5.976899367393181395e-01 2.032590038505937557e-01 1.952937916355820258e-01 -1.078110847960773055e+00 -3.310600031201083593e-01
9.569034768705573235e-01 -2.895593304157087489e-01 -2.216151661638832496e-02 1.106850118872390043e-01 2.593326433816329768e-01 8.863676479075804915e-01 -3.835348408700031686e-01 -7.116331914203850861e-02 1.306993421499305086e-01 3.612586167477967458e-01 9.232604703367668364e-01 -1.207955913298196238e-01 0.000000000000000000e+00 0.000000000000000000e+00 0.000000000000000000e+00 1.000000000000000000e+00 -1.623552258409919347e+00 -5.715777826774562920e-01 2.118982955425236236e-01 1.864828308257695799e-01 -1.091355238161084262e+00 -3.308661021787694390e-01
9.565211890598493971e-01 -2.903933823411561921e-01 -2.718273490375076526e-02 1.131882187906061987e-01 2.592301060012084934e-01 8.891688950386901213e-01 -3.770655507783374771e-01 -7.517157640308774758e-02 1.336673820874155483e-01 3.536246044353568707e-01 9.257875957308669967e-01 -1.241660553353121921e-01 0.000000000000000000e+00 0.000000000000000000e+00 0.000000000000000000e+00 1.000000000000000000e+00 -1.617515918860945590e+00 -5.454802897284674046e-01 2.204256505535484023e-01 1.775246547869279157e-01 -1.104209158833306947e+00 -3.305874268598986698e-01
9.561157037611601739e-01 -2.912282794205490744e-01 -3.207573849976953079e-02 1.156790287772984649e-01 2.592351181895802825e-01 8.918948818793983602e-01 -3.705680430416485316e-01 -7.927443428797247005e-02 1.365280796525482065e-01 3.459907661033213566e-01 9.282512997830602020e-01 -1.275228553200848935e-01 0.000000000000000000e+00 0.000000000000000000e+00 0.000000000000000000e+00 1.000000000000000000e+00 -1.610926405498286806e+00 -5.194212701052274284e-01 2.288385812035900468e-01 1.684248406400463693e-01 -1.116673879396667957e+00 -3.302283014712255604e-01
9.556887268159304227e-01 -2.920648497179501035e-01 -3.683997445532539300e-02 1.181561003771805368e-01 2.593455948216929485e-01 8.945448354220472131e-01 -3.640458779041401693e-01 -8.347033781161293520e-02 1.392800125701296188e-01 3.383602551671630043e-01 9.306521466902266670e-01 -1.308643410171529409e-01 0.000000000000000000e+00 0.000000000000000000e+00 0.000000000000000000e+00 1.000000000000000000e+00 -1.603801439499919379e+00 -4.934229696184654901e-01 2.371348217253439195e-01 1.591890295531284416e-01 -1.128750749932301067e+00 -3.297928719244223039e-01
9.552419107003511378e-01 -2.929039375347017859e-01 -4.147503042012014307e-02 1.206181216796013006e-01 2.595593732870670189e-01 8.971180903570026288e-01 -3.575025385211954010e-01 -8.775769265688715404e-02 1.419219003576335791e-01 3.307361737717673389e-01 9.329907608767556981e-01 -1.341889325017843471e-01 0.000000000000000000e+00 0.000000000000000000e+00 0.000000000000000000e+00 1.000000000000000000e+00 -1.596158257594239238e+00 -4.675062038752265670e-01 2.453123044727181234e-01 1.498229226455778385e-01 -1.140441202213345884e+00 -3.292851206127990205e-01
9.547768520993895613e-01 -2.937463998501195217e-01 -4.598062645138112359e-02 1.230638115676554734e-01 2.598742217893731388e-01 8.996140857817720438e-01 -3.509414294034575721e-01 -9.213486784426064280e-02 1.444525997269090756e-01 3.231215724171105363e-01 9.352678216430221347e-01 -1.374951190669497780e-01 0.000000000000000000e+00 0.000000000000000000e+00 0.000000000000000000e+00 1.000000000000000000e+00 -1.588013648283386425e+00 -4.416904799157158612e-01 2.533691387920645188e-01 1.403322768459651371e-01 -1.151746750608388714e+00 -3.287088792754158106e-01
9.542950898832257556e-01 -2.945931028784670169e-01 -5.035660739389850871e-02 1.254919208435076039e-01 2.602878471335879906e-01 9.020323619680673533e-01 -3.443658751377471350e-01 -9.660019833975375114e-02 1.468711002376275887e-01 3.155194495354681217e-01 9.374840581131651529e-01 -1.407814580891868783e-01 0.000000000000000000e+00 0.000000000000000000e+00 0.000000000000000000e+00 1.000000000000000000e+00 -1.579383983347346421e+00 -4.159941048577885381e-01 2.613035922834814340e-01 1.307229007140031651e-01 -1.162668992869873907e+00 -3.280678401126636556e-01
9.537981034516844758e-01 -2.954449187447980574e-01 -5.460293577524139713e-02 1.279012332489521397e-01 2.607979020408746074e-01 9.043725571779929195e-01 -3.377791193664781977e-01 -1.011519876020682274e-01 1.491765201729371437e-01 3.079327510370180598e-01 9.396402444610987281e-01 -1.440465738818827168e-01 0.000000000000000000e+00 0.000000000000000000e+00 0.000000000000000000e+00 1.000000000000000000e+00 -1.570285245212001524e+00 -3.904342829538792747e-01 2.691140742064153102e-01 1.210006502360879699e-01 -1.173209610817619319e+00 -3.273655653849312785e-01
9.532873114156238392e-01 -2.963027222820332485e-01 -5.871968516621461909e-02 1.302905663851949281e-01 2.614019920270264641e-01 9.066344045224905557e-01 -3.311843240085381446e-01 -1.057885100693202046e-01 1.513681026111940442e-01 3.003643698382939542e-01 9.417371953964659426e-01 -1.472891565338433628e-01 0.000000000000000000e+00 0.000000000000000000e+00 0.000000000000000000e+00 1.000000000000000000e+00 -1.560733050699363744e+00 -3.650272023175866742e-01 2.767991208081765908e-01 1.111714246024674141e-01 -1.183370370926172255e+00 -3.266054956968250100e-01
9.527640705872176818e-01 -2.971673879513839212e-01 -6.270703396217582049e-02 1.326587725356906389e-01 2.620976818764928495e-01 9.088177288568400902e-01 -3.245845687057177797e-01 -1.105080135855382034e-01 1.534452116707074321e-01 2.928171453857907891e-01 9.437757618946439608e-01 -1.505079607317676982e-01 0.000000000000000000e+00 0.000000000000000000e+00 0.000000000000000000e+00 1.000000000000000000e+00 -1.550742671620256585e+00 -3.397881124447357237e-01 2.843573823760298103e-01 1.012411619729700618e-01 -1.193153124823455702e+00 -3.257909571439742691e-01
9.522296752536897335e-01 -2.980397868879473555e-01 -6.656525954579638193e-02 1.350047393957473918e-01 2.628825017406098419e-01 9.109224437094345372e-01 -3.179828504797541089e-01 -1.153087217668696818e-01 1.554073289071821740e-01 2.852938631851005269e-01 9.457568271569530838e-01 -1.537018045658863352e-01 0.000000000000000000e+00 0.000000000000000000e+00 0.000000000000000000e+00 1.000000000000000000e+00 -1.540329052617964045e+00 -3.147313935349956848e-01 2.917876118334238322e-01 9.121583523725039500e-02 -1.202559809706970961e+00 -3.249251674772417608e-01
9.516853567113606749e-01 -2.989207840729899979e-01 -7.029473279627872218e-02 1.373273907125114324e-01 2.637539528856552851e-01 9.129485482412478259e-01 -3.113820835858990832e-01 -1.201888363072872445e-01 1.572540498460119618e-01 2.777972543442409625e-01 9.476813027889605667e-01 -1.568695683185775680e-01 0.000000000000000000e+00 0.000000000000000000e+00 0.000000000000000000e+00 1.000000000000000000e+00 -1.529506826625145477e+00 -2.898706185136437630e-01 2.990886547188871258e-01 8.110144777467137578e-02 -1.211592448682742296e+00 -3.240112414197407475e-01
9.511322830389040694e-01 -2.998112356341094409e-01 -7.389591291398908690e-02 1.396256868388625616e-01 2.647095131136884549e-01 9.148961242344134659e-01 -3.047850995496704241e-01 -1.251465392234868690e-01 1.589850806337819167e-01 2.703299951383145161e-01 9.495501251862450420e-01 -1.600101932362406609e-01 0.000000000000000000e+00 0.000000000000000000e+00 0.000000000000000000e+00 1.000000000000000000e+00 -1.518290328255012867e+00 -2.652186085575866659e-01 3.062594404023020189e-01 7.090402921823821258e-02 -1.220253151031213346e+00 -3.230521952550752807e-01
9.505715590904929568e-01 -3.007119862741350902e-01 -7.736934253297766961e-02 1.418986252046840479e-01 2.657466418767833738e-01 9.167653331091643043e-01 -2.981946473740959003e-01 -1.301799950386164639e-01 1.606002347953143783e-01 2.628947066012812805e-01 9.513642521182181788e-01 -1.631226802851003521e-01 0.000000000000000000e+00 0.000000000000000000e+00 0.000000000000000000e+00 1.000000000000000000e+00 -1.506693605410872383e+00 -2.407874828441552428e-01 3.132989744078556460e-01 6.062963122640604302e-02 -1.228544112403427091e+00 -3.220509507903468460e-01
9.500042266910978528e-01 -3.016238668292907654e-01 -8.071564309697969175e-02 1.441452407089124921e-01 2.668627851031930009e-01 9.185564129690578783e-01 -2.916133939053456303e-01 -1.352873529044567869e-01 1.620994300843520697e-01 2.554939541494340438e-01 9.531246595016347189e-01 -1.662060888919451862e-01 0.000000000000000000e+00 0.000000000000000000e+00 0.000000000000000000e+00 1.000000000000000000e+00 -1.494730429365138891e+00 -2.165887031644627703e-01 3.202063317260946396e-01 5.028432326609634517e-02 -1.236467614950031324e+00 -3.210103387844365774e-01
9.494312650175884549e-01 -3.025476919568107492e-01 -8.393551047726233172e-02 1.463646060357226553e-01 2.680553797521531001e-01 9.202696756749573215e-01 -2.850439243451692861e-01 -1.404667486616914818e-01 1.634826854175417954e-01 2.481302472401090142e-01 9.548323383562706823e-01 -1.692595356710717425e-01 0.000000000000000000e+00 0.000000000000000000e+00 0.000000000000000000e+00 1.000000000000000000e+00 -1.482414303529445032e+00 -1.926331139743498733e-01 3.269806510093255514e-01 3.987418840986207275e-02 -1.244026027384961708e+00 -3.199331019206428928e-01
9.488535911505248110e-01 -3.034842579518719496e-01 -8.702971081313798374e-02 1.485558318981554937e-01 2.693218581124272593e-01 9.219055039486636627e-01 -2.784887428990301950e-01 -1.457163068379432880e-01 1.647501178827758817e-01 2.408060390682422169e-01 9.564882919359495306e-01 -1.722821931389235395e-01 0.000000000000000000e+00 0.000000000000000000e+00 0.000000000000000000e+00 1.000000000000000000e+00 -1.469758471111096698e+00 -1.689309783943184762e-01 3.336211295552290457e-01 2.940531914982750378e-02 -1.251221804985035435e+00 -3.188218973927224864e-01
9.482720607826130577e-01 -3.044343406933878171e-01 -8.999907655813736695e-02 1.507180672124539267e-01 2.706596518582800592e-01 9.234643485074208735e-01 -2.719502735492649870e-01 -1.510341425833141571e-01 1.659019398141841906e-01 2.335237263025754240e-01 9.580935330286612928e-01 -1.752732884180850104e-01 0.000000000000000000e+00 0.000000000000000000e+00 0.000000000000000000e+00 1.000000000000000000e+00 -1.456775921827554887e+00 -1.454920106146423975e-01 3.401270189931118182e-01 1.888381323078684032e-02 -1.258057489526160921e+00 -3.176792991645708275e-01
9.476874690707725035e-01 -3.053986937179022920e-01 -9.284450271675573352e-02 1.528504992063272339e-01 2.720661958753236020e-01 9.249467252307520537e-01 -2.654308609430048316e-01 -1.564183635432432884e-01 1.669384559271637203e-01 2.262856488626159568e-01 9.596490814199725161e-01 -1.782321019324201727e-01 0.000000000000000000e+00 0.000000000000000000e+00 0.000000000000000000e+00 1.000000000000000000e+00 -1.443479397829539934e+00 -1.223254051123798675e-01 3.464976215958073813e-01 8.315769504665988451e-03 -1.264535709156408894e+00 -3.165077999560365618e-01
9.471005516196248086e-01 -3.063780464205314025e-01 -9.556694325837843118e-02 1.549523534643208467e-01 2.735389318675930936e-01 9.263532123612496783e-01 -2.589327713849782220e-01 -1.618670716685863264e-01 1.678600605077965047e-01 2.190940897368527929e-01 9.611559615142822866e-01 -1.811579660952389037e-01 0.000000000000000000e+00 0.000000000000000000e+00 0.000000000000000000e+00 1.000000000000000000e+00 -1.429881398964516270e+00 -9.943986304270882592e-02 3.527322871479589561e-01 -2.292716191573958284e-03 -1.270659178205798545e+00 -3.153098130005533850e-01
9.465119855849913888e-01 -3.073731023816224095e-01 -9.816740769648273079e-02 1.570228939134228618e-01 2.750753117562512173e-01 9.276844477410377543e-01 -2.524581939256822505e-01 -1.673783649629165815e-01 1.686672346518556520e-01 2.119512748422174853e-01 9.626152001087580068e-01 -1.840502639924354589e-01 0.000000000000000000e+00 0.000000000000000000e+00 0.000000000000000000e+00 1.000000000000000000e+00 -1.415994187495473122e+00 -7.684361612733127400e-02 3.588304103083516106e-01 -1.293555513259247135e-02 -1.276430696932330244e+00 -3.140876736142834136e-01
9.459223908866790653e-01 -3.083845378175421037e-01 -1.006469578225224065e-01 1.590614227519903112e-01 2.766728008794840932e-01 9.289411260856709207e-01 -2.460092415357651996e-01 -1.729503391671521340e-01 1.693605435493424904e-01 2.048593729243438077e-01 9.640278243149931203e-01 -1.869084280625768202e-01 0.000000000000000000e+00 0.000000000000000000e+00 0.000000000000000000e+00 1.000000000000000000e+00 -1.401829792374876371e+00 -5.454444832717207647e-02 3.647914284101964610e-01 -2.360666977392621851e-02 -1.281853151203530938e+00 -3.128436406111917978e-01
