8.982955424892836716e-01 -1.299209482457295006e-01 4.197447623863981292e-01 0.000000000000000000e+00 3.357765130588628022e-01 8.191329824836520723e-01 -4.650540724318713015e-01 0.000000000000000000e+00 -2.834065130195752569e-01 5.586964329708641319e-01 7.794479098462692157e-01 0.000000000000000000e+00 0.000000000000000000e+00 0.000000000000000000e+00 0.000000000000000000e+00 1.000000000000000000e+00 3.701714383434868694e-01 -2.647456607640256698e-01 5.624622594950431376e-01 5.440712957591742338e-02 1.913879405046654547e-01 2.131649794563661438e-02
8.986686888842019272e-01 -1.316309769810320718e-01 4.184111300596934924e-01 1.765464184233439331e-04 3.371314740924555853e-01 8.175218501789111025e-01 -4.669051229560678418e-01 8.115624261327182435e-04 -2.806010637944917896e-01 5.606525756303725183e-01 7.790582345191734426e-01 4.397061440267388804e-04 0.000000000000000000e+00 0.000000000000000000e+00 0.000000000000000000e+00 1.000000000000000000e+00 2.533511265055537476e-01 -4.194762276237107290e-01 4.896940624864778990e-01 6.859692155474104991e-02 1.634306463029104317e-01 -5.878327488148621383e-03
8.993996942719403309e-01 -1.332497863540758332e-01 4.163228132674345883e-01 3.777643439877554320e-04 3.378221021028415261e-01 8.162982333165600402e-01 -4.685439381494959643e-01 1.593572266614729990e-03 -2.774101975079899529e-01 5.620513224447343248e-01 7.791931043642192911e-01 6.801350293575130629e-04 0.000000000000000000e+00 0.000000000000000000e+00 0.000000000000000000e+00 1.000000000000000000e+00 1.413588333521419438e-01 -5.675532303589119199e-01 4.138304342165559091e-01 8.242272062965549928e-02 1.354076303076846011e-01 -3.186508819792403802e-02
9.004583854936795140e-01 -1.347735644991185366e-01 4.135345003247130613e-01 6.077382050204223254e-04 3.378868844004840333e-01 8.154460386941632111e-01 -4.699789482855715184e-01 2.341190119916979496e-03 -2.738743323372270777e-01 5.629243685951450527e-01 7.798134432000994876e-01 7.296738056147731525e-04 0.000000000000000000e+00 0.000000000000000000e+00 0.000000000000000000e+00 1.000000000000000000e+00 3.801512775822456225e-02 -6.982718419918445552e-01 3.462031240146777877e-01 9.585889773980213469e-02 1.073852696575548216e-01 -5.482755154828951316e-02
9.018007283236816329e-01 -1.362180029976980677e-01 4.101220584865152285e-01 8.719618771417729335e-04 3.373968741918497716e-01 8.149350868151417071e-01 -4.712156132614315207e-01 3.047853317238871998e-03 -2.700348058657544015e-01 5.633164834327818449e-01 7.808685831608264127e-01 5.995866627418865863e-04 0.000000000000000000e+00 0.000000000000000000e+00 0.000000000000000000e+00 1.000000000000000000e+00 -5.729995527803334598e-02 -8.133539229085454680e-01 2.861929511146371063e-01 1.088961127558956965e-01 7.941793792860955825e-02 -7.526452442403233634e-02
9.033860886289445391e-01 -1.375963999289687989e-01 4.061536735304703272e-01 1.175039058027981410e-03 3.364167157782316786e-01 8.147368764836839805e-01 -4.722579974480112797e-01 3.707842909809870493e-03 -2.659273754576105819e-01 5.632681896551448020e-01 7.823116889752619318e-01 2.997637823210789945e-04 0.000000000000000000e+00 0.000000000000000000e+00 0.000000000000000000e+00 1.000000000000000000e+00 -1.453538949925597401e-01 -9.143705754919796425e-01 2.330714722429902130e-01 1.215313753158277638e-01 5.154991314309077810e-02 -9.353317984913679661e-02
9.051772858879159056e-01 -1.389199389238646165e-01 4.016905932461618534e-01 1.520866149514989423e-03 3.350048873185305642e-01 8.148249679461856410e-01 -4.731088647134930047e-01 4.316088613316384701e-03 -2.615832706167828259e-01 5.628157095376531416e-01 7.840999113332363102e-01 -1.609278564441104001e-04 0.000000000000000000e+00 0.000000000000000000e+00 0.000000000000000000e+00 1.000000000000000000e+00 -2.268337169770553996e-01 -1.002745794953097569e+00 1.861740994754521872e-01 1.337659246841214067e-01 2.381744587256835743e-02 -1.099376615238597393e-01
9.071405031295282084e-01 -1.401980401973242085e-01 3.967878755752293207e-01 1.912720915669667392e-03 3.332142704694835977e-01 8.151749072310970901e-01 -4.737701145321587259e-01 4.868081354745948559e-03 -2.570298785755082416e-01 5.619914420379821252e-01 7.861941630495804523e-01 -7.744809967711967485e-04 0.000000000000000000e+00 0.000000000000000000e+00 0.000000000000000000e+00 1.000000000000000000e+00 -3.023541317820628849e-01 -1.079767271229909786e+00 1.448955972029998540e-01 1.456036876697134330e-01 -3.749656770643431530e-03 -1.247368634033070439e-01
9.092451439592136309e-01 -1.414386468936111307e-01 3.914950555346677907e-01 2.353340540935542659e-03 3.310926747618602728e-01 8.157641286871208930e-01 -4.742431106131156926e-01 5.359798454527288022e-03 -2.522913195013491428e-01 5.608243899282906453e-01 7.885588724129113380e-01 -1.533611555901936291e-03 0.000000000000000000e+00 0.000000000000000000e+00 0.000000000000000000e+00 1.000000000000000000e+00 -3.724649469180191796e-01 -1.146597124353686548e+00 1.086856452173508847e-01 1.570501829211045364e-01 -3.112677156474758303e-02 -1.381510880466036428e-01
9.114636555217489056e-01 -1.426484592561733655e-01 3.858567388784064356e-01 2.844989969216607170e-03 3.286833176829943026e-01 8.165718442310526681e-01 -4.745289251719017054e-01 5.787639714895338912e-03 -2.473889293499555442e-01 5.593405413054638453e-01 7.911617268583713836e-01 -2.431644448489943700e-03 0.000000000000000000e+00 0.000000000000000000e+00 0.000000000000000000e+00 1.000000000000000000e+00 -4.376577918036329007e-01 -1.204282352894479269e+00 7.704453876613887031e-02 1.681117559388456140e-01 -5.829345652453159221e-02 -1.503677410190325248e-01
9.137713315871442976e-01 -1.438331267763366395e-01 3.799131301364985225e-01 3.389521459625934475e-03 3.260252624228505147e-01 8.175789256420284978e-01 -4.746285174545170071e-01 6.148372903715369070e-03 -2.423416655923804897e-01 5.575632097707021728e-01 7.939734163294652758e-01 -3.462418039958656268e-03 0.000000000000000000e+00 0.000000000000000000e+00 0.000000000000000000e+00 1.000000000000000000e+00 -4.983722008707024975e-01 -1.253764844730311134e+00 4.951907383545153807e-02 1.787950573290153777e-01 -8.523265173127218819e-02 -1.615461978883112326e-01
9.161461062842576331e-01 -1.449974065249738653e-01 3.737005021503248536e-01 3.988426294732006806e-03 3.231538158005664019e-01 8.187677845588349212e-01 -4.745428613978421861e-01 6.439087319086445223e-03 -2.371664486012904638e-01 5.555133373756228066e-01 7.969673828379877367e-01 -4.620204150329307313e-03 0.000000000000000000e+00 0.000000000000000000e+00 0.000000000000000000e+00 1.000000000000000000e+00 -5.550011025184118374e-01 -1.295890852512667557e+00 2.569864864797274939e-02 1.891066984334520140e-01 -1.119300414055323240e-01 -1.718219618898383927e-01
9.185683461522741178e-01 -1.461452942703498348e-01 3.672516136062565772e-01 4.642879542044443114e-03 3.201008891610861440e-01 8.201222535435609418e-01 -4.742730342604314364e-01 6.657154293987139516e-03 -2.318784493776858691e-01 5.532097641623917594e-01 8.001195805855270127e-01 -5.899641066601896480e-03 0.000000000000000000e+00 0.000000000000000000e+00 0.000000000000000000e+00 1.000000000000000000e+00 -6.078957619315890071e-01 -1.331419876296355609e+00 5.211599299462809504e-03 1.990530349794349951e-01 -1.383735438508862936e-01 -1.813102140657228412e-01
9.210206459710106319e-01 -1.472801336796197291e-01 3.605960804284394361e-01 5.353778713058907068e-03 3.168953251153758810e-01 8.216274705833844783e-01 -4.738202755784013953e-01 6.800193653208749626e-03 -2.264913325120676557e-01 5.506694678199781645e-01 8.034082494120615703e-01 -7.295677459295696506e-03 0.000000000000000000e+00 0.000000000000000000e+00 0.000000000000000000e+00 1.000000000000000000e+00 -6.573702246639721025e-01 -1.361032925668055782e+00 -1.227822230778876852e-02 2.086400419514415905e-01 -1.645529029101108209e-01 -1.901088434578600550e-01
9.234876321347622596e-01 -1.484047078424389765e-01 3.537607062652832757e-01 6.121777096128766527e-03 3.135631929609646873e-01 8.232697686460567210e-01 -4.731860237983104844e-01 6.866045268575299461e-03 -2.210174617676787800e-01 5.479077766631271773e-01 8.068137031591703368e-01 -8.803525455880948855e-03 0.000000000000000000e+00 0.000000000000000000e+00 0.000000000000000000e+00 1.000000000000000000e+00 -7.037053058579847420e-01 -1.385340155594736222e+00 -2.707462726175721007e-02 2.178732524087693689e-01 -1.904593601123329427e-01 -1.983010325705868437e-01
9.259557760435845886e-01 -1.495213165003433375e-01 3.467697767170901391e-01 6.947312466416053107e-03 3.101280555089451219e-01 8.250365713314663507e-01 -4.723719363300988294e-01 6.852744974916707282e-03 -2.154680744129149617e-01 5.449385588311231876e-01 8.103181336780620470e-01 -1.041862141622418303e-02 0.000000000000000000e+00 0.000000000000000000e+00 0.000000000000000000e+00 1.000000000000000000e+00 -7.471521673937864261e-01 -1.404887885915553580e+00 -3.945202937882901634e-02 2.267577401632936418e-01 -2.160853910558383217e-01 -2.059574626166627842e-01
9.284132190138042473e-01 -1.506318416785172865e-01 3.396453214153866695e-01 7.830631802669610689e-03 3.066112098907078365e-01 8.269162952306633452e-01 -4.713798974776170492e-01 6.758504210394816400e-03 -2.098534293806736117e-01 5.417743903093842350e-01 8.139054305990389704e-01 -1.213659319531048761e-02 0.000000000000000000e+00 0.000000000000000000e+00 0.000000000000000000e+00 1.000000000000000000e+00 -7.879355223892391402e-01 -1.420165025343763876e+00 -4.965815373340869143e-02 2.352981316407125045e-01 -2.414244930118415178e-01 -2.131381938277482624e-01
9.308496094866721693e-01 -1.517378038664287387e-01 3.324073475818584700e-01 8.771812569482057356e-03 3.030319047436054736e-01 8.288982592829445828e-01 -4.702120176822315867e-01 6.581692832436689990e-03 -2.041829334623756764e-01 5.384267041035251111e-01 8.175610165496831616e-01 -1.395323287635797174e-02 0.000000000000000000e+00 0.000000000000000000e+00 0.000000000000000000e+00 1.000000000000000000e+00 -8.262565034863027513e-01 -1.431608928154018301e+00 -5.791652428419566401e-02 2.434986363006292343e-01 -2.664710134449245760e-01 -2.198942681646847142e-01
9.332559527849970671e-01 -1.528404104547677334e-01 3.250740482657480390e-01 9.770781056767522191e-03 2.994075359931413494e-01 8.309726011860786299e-01 -4.688706267064855493e-01 6.320824636409105163e-03 -1.984652490251305190e-01 5.349059226450382232e-01 8.212716972181998143e-01 -1.586447412096225404e-02 0.000000000000000000e+00 0.000000000000000000e+00 0.000000000000000000e+00 1.000000000000000000e+00 -8.622952283784620642e-01 -1.439610716290209202e+00 -6.442874245744362183e-02 2.513630880122774691e-01 -2.912200112811793029e-01 -2.262690749366692011e-01
9.356244732883023385e-01 -1.539405977868001929e-01 3.176619880800800599e-01 1.082732820647112036e-02 2.957538232688358137e-01 8.331302007449594704e-01 -4.673582627484363372e-01 5.974545169802721739e-03 -1.927083861471105275e-01 5.312215752806270785e-01 8.250255254708098729e-01 -1.786637341847593582e-02 0.000000000000000000e+00 0.000000000000000000e+00 0.000000000000000000e+00 1.000000000000000000e+00 -8.962130931374521214e-01 -1.444520102132239359e+00 -6.937656942503021840e-02 2.588949920240757874e-01 -3.156671444380367286e-01 -2.322995139818358756e-01
9.379484886327495996e-01 -1.550390679050562825e-01 3.101862689247632532e-01 1.194112330041816224e-02 2.920849688169088187e-01 8.353626099246898029e-01 -4.656776589790639909e-01 5.541621491439454282e-03 -1.869197815772730698e-01 5.273824024928337462e-01 8.288116786209251963e-01 -1.995509462955556007e-02 0.000000000000000000e+00 0.000000000000000000e+00 0.000000000000000000e+00 1.000000000000000000e+00 -9.281548211360313161e-01 -1.446649748145998560e+00 -7.292382518859383267e-02 2.660975738180345052e-01 -3.398085784571184265e-01 -2.380169860419392158e-01
9.402222953653553983e-01 -1.561363208548513515e-01 3.026606778936536957e-01 1.311172583281909956e-02 2.884138006083353245e-01 8.376619892934078493e-01 -4.638317286072584644e-01 5.020933574261457824e-03 -1.811063665229769026e-01 5.233964483166312354e-01 8.326203478925175983e-01 -2.212689631281450006e-02 0.000000000000000000e+00 0.000000000000000000e+00 0.000000000000000000e+00 1.000000000000000000e+00 -9.582502927665424997e-01 -1.446279199527107151e+00 -7.521811758511101620e-02 2.729738273503677370e-01 -3.636409121293727176e-01 -2.434482356642381495e-01
9.424410653714113684e-01 -1.572326832328176383e-01 2.950978193082192114e-01 1.433859584610897367e-02 2.847519011871877392e-01 8.400210504888087071e-01 -4.618235492767711614e-01 4.411467092641951047e-03 -1.752746249375627674e-01 5.192711422534754817e-01 8.364426391049850640e-01 -2.437812140212892997e-02 0.000000000000000000e+00 0.000000000000000000e+00 0.000000000000000000e+00 1.000000000000000000e+00 -9.866161787378069370e-01 -1.443658425057227301e+00 -7.639241406826326186e-02 2.795265610585326854e-01 -3.871611168301270500e-01 -2.486160682828298663e-01
9.446007523327156763e-01 -1.583283335319738694e-01 2.875092325979584640e-01 1.562110296921271485e-02 2.811097236620261341e-01 8.424330043130425771e-01 -4.596563473689005974e-01 3.712307371777617999e-03 -1.694306437069164617e-01 5.150133718391691762e-01 8.402704836200861616e-01 -2.670518886804803746e-02 0.000000000000000000e+00 0.000000000000000000e+00 0.000000000000000000e+00 1.000000000000000000e+00 -1.013357397500874280e+00 -1.439010999967888838e+00 -7.656646867386621147e-02 2.857584406465322191e-01 -4.103664869374739066e-01 -2.535399599816728911e-01
9.466980074491977426e-01 -1.594233247272833220e-01 2.799054975530384515e-01 1.695853436260025965e-02 2.774966961123813136e-01 8.448915140478708841e-01 -4.573334826088760185e-01 2.922634308359857522e-03 -1.635801559088981283e-01 5.106295468930205361e-01 8.440965586242520358e-01 -2.910458705214710382e-02 0.000000000000000000e+00 0.000000000000000000e+00 0.000000000000000000e+00 1.000000000000000000e+00 -1.038568415305941794e+00 -1.432536962837405392e+00 -7.584811600768719131e-02 2.916720281083527433e-01 -4.332545992274616786e-01 -2.582365757465250322e-01
9.487301036576858415e-01 -1.605176044610635566e-01 2.722963283040192861e-01 1.835010174419783591e-02 2.739213155626922802e-01 8.473906535812690821e-01 -4.548584332411199083e-01 2.041718099052809883e-03 -1.577285781336408843e-01 5.061256563614864312e-01 8.479142158651163941e-01 -3.157286840981738535e-02 0.000000000000000000e+00 0.000000000000000000e+00 0.000000000000000000e+00 1.000000000000000000e+00 -1.062334405522539438e+00 -1.424415376571766423e+00 -7.433444344653337976e-02 2.972698167618763043e-01 -4.558232795527656922e-01 -2.627202097077350196e-01
9.506948676011767185e-01 -1.616110331211464135e-01 2.646906572337863750e-01 1.979494764391321465e-02 2.703912325667989780e-01 8.499248699446997346e-01 -4.522347819393938706e-01 1.068915636913392829e-03 -1.518810426989808948e-01 5.015073185681908630e-01 8.517174180144783113e-01 -3.410664543637016016e-02 0.000000000000000000e+00 0.000000000000000000e+00 0.000000000000000000e+00 1.000000000000000000e+00 -1.084732282154250216e+00 -1.414806621444454793e+00 -7.211285205337625293e-02 3.025542622785962754e-01 -4.780705754405084051e-01 -2.670031589042186071e-01
9.525906186341093207e-01 -1.627034000524763269e-01 2.570967098950922014e-01 2.129215101178198039e-02 2.669133273465481015e-01 8.524889498744395722e-01 -4.494662025447711540e-01 3.667456276848285110e-06 -1.460424254678491796e-01 4.967798255924578688e-01 8.555006818874898444e-01 -3.670258758464316207e-02 0.000000000000000000e+00 0.000000000000000000e+00 0.000000000000000000e+00 1.000000000000000000e+00 -1.105831620937525406e+00 -1.403854446069086270e+00 -6.926201600033625450e-02 3.075278098350118228e-01 -4.999947335074378385e-01 -2.710960404129543200e-01
9.544161141893429123e-01 -1.637944381018034135e-01 2.495220718909988700e-01 2.284073228513928966e-02 2.634937783375108644e-01 8.550779900286383794e-01 -4.465564476714852793e-01 -1.154504875763695928e-03 -1.402173698685727499e-01 4.919481824189750885e-01 8.592590278069960341e-01 -3.935741901052438457e-02 0.000000000000000000e+00 0.000000000000000000e+00 0.000000000000000000e+00 1.000000000000000000e+00 -1.125695480020476591e+00 -1.391687800107124007e+00 -6.585274958846411286e-02 3.121929175998590655e-01 -5.215941808006772096e-01 -2.750080602467709912e-01
9.561705008774444847e-01 -1.648838366628456176e-01 2.419737485729319126e-01 2.443965800338713037e-02 2.601381239125031275e-01 8.576873705126922820e-01 -4.435093371832863895e-01 -2.406001007956718243e-03 -1.344103076308092448e-01 4.870171414307364333e-01 8.629879344607754854e-01 -4.206791700676767304e-02 0.000000000000000000e+00 0.000000000000000000e+00 0.000000000000000000e+00 1.000000000000000000e+00 -1.144381130960522297e+00 -1.378422470508722686e+00 -6.194879026393835392e-02 3.165520768223464843e-01 -5.428675093406637453e-01 -2.787472411908029635e-01
9.578532707360245535e-01 -1.659712533638414700e-01 2.344582183202282011e-01 2.608784504451296463e-02 2.568513179788441958e-01 8.603127313878810023e-01 -4.403287475172958376e-01 -3.751143767126511805e-03 -1.286254766761075197e-01 4.819912327549468190e-01 8.666832986566227470e-01 -4.483091100584540162e-02 0.000000000000000000e+00 0.000000000000000000e+00 0.000000000000000000e+00 1.000000000000000000e+00 -1.161940709648183301e+00 -1.364162541173437715e+00 -5.760750536594691495e-02 3.206078288113921593e-01 -5.638134632782855205e-01 -2.823206156945785028e-01
9.594642220944167299e-01 -1.670563245192856205e-01 2.269814800844706104e-01 2.778416454520831608e-02 2.536377800774297642e-01 8.629499518611993825e-01 -4.370186018155906016e-01 -5.190180896279823763e-03 -1.228669365402637326e-01 4.768747909161762388e-01 8.703413994349075145e-01 -4.764328204992907684e-02 0.000000000000000000e+00 0.000000000000000000e+00 0.000000000000000000e+00 1.000000000000000000e+00 -1.178421795747287337e+00 -1.349001694115056660e+00 -5.288052970838713618e-02 3.243627791026594265e-01 -5.844309281873641959e-01 -2.857343890364509864e-01
9.610034245657009810e-01 -1.681386744516463749e-01 2.195490958102528922e-01 2.952744555595524303e-02 2.505014405501195252e-01 8.655951318772645564e-01 -4.335828608146083396e-01 -6.723286621060761171e-03 -1.171385816526238910e-01 4.716719782019009877e-01 8.739588660498892603e-01 -5.050196264088054054e-02 0.000000000000000000e+00 0.000000000000000000e+00 0.000000000000000000e+00 1.000000000000000000e+00 -1.193867928329021888e+00 -1.333024368530036252e+00 -4.781434049947010795e-02 3.278196091049104255e-01 -6.047189221018387517e-01 -2.889940772078710696e-01
9.624711877230316404e-01 -1.692179237760857713e-01 2.121662282802006527e-01 3.131647847354638442e-02 2.474457812860874073e-01 8.682445758556607274e-01 -4.300255144371911142e-01 -8.350563088613418769e-03 -1.114441527535545012e-01 4.663868051019361971e-01 8.775326493793383920e-01 -5.340393689576804215e-02 0.000000000000000000e+00 0.000000000000000000e+00 0.000000000000000000e+00 1.000000000000000000e+00 -1.208319064558928568e+00 -1.316306792605599352e+00 -4.245077554244472418e-02 3.309810855041527833e-01 -6.246765879784894615e-01 -2.921046233079164778e-01
9.638680330598728974e-01 -1.702936967309126026e-01 2.048376748751364607e-01 3.315001828596198657e-02 2.444738725071373964e-01 8.708947783387639419e-01 -4.263505740303185632e-01 -1.007204171565882940e-02 -1.057872466940643075e-01 4.610231481445029034e-01 8.810599963667803403e-01 -5.634624094422335805e-02 0.000000000000000000e+00 0.000000000000000000e+00 0.000000000000000000e+00 1.000000000000000000e+00 -1.221811987563035551e+00 -1.298917901461326130e+00 -3.682750013772095182e-02 3.338500676863299099e-01 -6.443031873241196195e-01 -2.950704956773460008e-01
9.651946688737061963e-01 -1.713656276281378676e-01 1.975678976894014727e-01 3.502678765815363249e-02 2.415884060060840277e-01 8.735424113357608267e-01 -4.225620651922865623e-01 -1.188768447634601898e-02 -1.001713248298693459e-01 4.555847654172201500e-01 8.845384271419183264e-01 -5.932596351320633399e-02 0.000000000000000000e+00 0.000000000000000000e+00 0.000000000000000000e+00 1.000000000000000000e+00 -1.234380668943504622e+00 -1.280920153294228259e+00 -3.097842762147038145e-02 3.364295134190852243e-01 -6.635980947734242408e-01 -2.978957705223683750e-01
9.664519677498748518e-01 -1.724333664916332109e-01 1.903610503958247380e-01 3.694547988191296956e-02 2.387917252107013832e-01 8.761843131681015251e-01 -4.186640211354680785e-01 -1.379738515506015797e-02 -9.459972019511780905e-02 4.500753100306654209e-01 8.879657145025723342e-01 -6.234024665267544341e-02 0.000000000000000000e+00 0.000000000000000000e+00 0.000000000000000000e+00 1.000000000000000000e+00 -1.246056590827759436e+00 -1.262370254587172003e+00 -2.493409802742267006e-02 3.387224830119276997e-01 -6.825607934424033907e-01 -3.005842013694450809e-01
9.676409463564018543e-01 -1.734965839446792335e-01 1.832210022140540739e-01 3.890476170848989473e-02 2.360858524080731435e-01 8.788174786399316485e-01 -4.146604765342538079e-01 -1.580097058474638771e-02 -8.907564361776532103e-02 4.444983417548676874e-01 8.913398654759321360e-01 -6.538628656247488791e-02 0.000000000000000000e+00 0.000000000000000000e+00 0.000000000000000000e+00 1.000000000000000000e+00 -1.256869031811037818e+00 -1.243319804138236950e+00 -1.872201894568327474e-02 3.407321421529725947e-01 -7.011908709137988360e-01 -3.031392773436181742e-01
9.687627472918889371e-01 -1.745549754038714096e-01 1.761513592993959876e-01 4.090327607884339245e-02 2.334725134300712490e-01 8.814390503741034166e-01 -4.105554618118656962e-01 -1.789820188733425022e-02 -8.360218891858885171e-02 4.388573370347968461e-01 8.946591047082219639e-01 -6.846133448660697562e-02 0.000000000000000000e+00 0.000000000000000000e+00 0.000000000000000000e+00 1.000000000000000000e+00 -1.266845320684293785e+00 -1.223815864667607611e+00 -1.236697227328534959e-02 3.424617635999971377e-01 -7.194880157369611950e-01 -3.055642719653721695e-01
9.698186227570626539e-01 -1.756082646322269514e-01 1.691554838364936753e-01 4.293964476325214108e-02 2.309531600698304099e-01 8.840463111701722942e-01 -4.063529978241354756e-01 -2.008877572943701395e-02 -7.818233731853244106e-02 4.331556975692505973e-01 8.979218594602140779e-01 -7.156269764610445616e-02 0.000000000000000000e+00 0.000000000000000000e+00 0.000000000000000000e+00 1.000000000000000000e+00 -1.276011061421555182e+00 -1.203901469851918371e+00 -5.891290203968371254e-03 3.439147278842578093e-01 -7.374520143458651589e-01 -3.078622839074481865e-01
9.708099198463049362e-01 -1.766562067007526882e-01 1.622365110926946852e-01 4.501247091938816169e-02 2.285289904711768905e-01 8.866366772553732067e-01 -4.020570909028110540e-01 -2.237232560357674607e-02 -7.281896116406641473e-02 4.273967576182131078e-01 9.011267460116069161e-01 -7.468774018607034215e-02 0.000000000000000000e+00 0.000000000000000000e+00 0.000000000000000000e+00 1.000000000000000000e+00 -1.284390332527985734e+00 -1.183616073816598391e+00 6.848965126383475127e-04 3.450945231676007530e-01 -7.550827483165298837e-01 -3.100362709369527958e-01
9.717380672787516716e-01 -1.776985904045734199e-01 1.553973646594670743e-01 4.712034157578574162e-02 2.262009677077447822e-01 8.892076923129776933e-01 -3.976717282253218189e-01 -2.474842314268431431e-02 -6.751482706716255278e-02 4.215837901865013837e-01 9.042725573003065342e-01 -7.783388411621404435e-02 0.000000000000000000e+00 0.000000000000000000e+00 0.000000000000000000e+00 1.000000000000000000e+00 -1.292005863517255326e+00 -1.162995949377703564e+00 7.343435301682848561e-03 3.460047443769696529e-01 -7.723801918995562010e-01 -3.120890780840785417e-01
9.726045634094265813e-01 -1.787352401768933785e-01 1.486407700863996428e-01 4.926183004585187042e-02 2.239698367457269024e-01 8.917570221847203049e-01 -3.932008734820921503e-01 -2.721657947348720893e-02 -6.227259854505073911e-02 4.157200122160950584e-01 9.073582516433298384e-01 -8.099861022746854267e-02 0.000000000000000000e+00 0.000000000000000000e+00 0.000000000000000000e+00 1.000000000000000000e+00 -1.298879190990137822e+00 -1.142074540659255621e+00 1.406795100642826979e-02 3.466490917255015125e-01 -7.893444097754207522e-01 -3.140234609220994288e-01
9.734109653795837147e-01 -1.797660175415013439e-01 1.419692670908914434e-01 5.143549827610468389e-02 2.218361399636401554e-01 8.942824501552053551e-01 -3.886484628163621169e-01 -2.977624661257831026e-02 -5.709483823488665372e-02 4.098085889057498377e-01 9.103829424045714047e-01 -8.417945897009604383e-02 0.000000000000000000e+00 0.000000000000000000e+00 0.000000000000000000e+00 1.000000000000000000e+00 -1.305030796521667424e+00 -1.120882775113784646e+00 2.084366540673423737e-02 3.470313687159648497e-01 -8.059755549900105009e-01 -3.158421047100185564e-01
9.741588792821312959e-01 -1.807908221421806738e-01 1.353852205073501902e-01 5.363989913114369790e-02 2.198002313839324262e-01 8.967818727364349485e-01 -3.840184010150164973e-01 -3.242681890741359874e-02 -5.198400974962442272e-02 4.038526372641472184e-01 9.133458884912459830e-01 -8.737403128114167028e-02 0.000000000000000000e+00 0.000000000000000000e+00 0.000000000000000000e+00 1.000000000000000000e+00 -1.310480228328268160e+00 -1.099449339436517459e+00 2.765723499278859368e-02 3.471554797102681666e-01 -8.222738670360129065e-01 -3.175476400358995810e-01
9.748499512328793193e-01 -1.818095923852090234e-01 1.288908301223615216e-01 5.587357861690703947e-02 2.178622897545370585e-01 8.992532958798953313e-01 -3.793145579321119398e-01 -3.516763452317997474e-02 -4.694247923358497304e-02 3.978552289917681173e-01 9.162464855755968474e-01 -9.057998935122853201e-02 0.000000000000000000e+00 0.000000000000000000e+00 0.000000000000000000e+00 1.000000000000000000e+00 -1.315246208475917777e+00 -1.077800923381789122e+00 3.449660517160191980e-02 3.470254271380531774e-01 -8.382396700524842315e-01 -3.191426555025724254e-01
9.754858592515585070e-01 -1.828223057290999931e-01 1.224881395266647910e-01 5.813507804302041337e-02 2.160223306034218804e-01 9.016948315520735280e-01 -3.745407651296281393e-01 -3.799797697537442981e-02 -4.197251666929973507e-02 3.918193927767539830e-01 9.190842579516314004e-01 -9.379505732254743433e-02 0.000000000000000000e+00 0.000000000000000000e+00 0.000000000000000000e+00 1.000000000000000000e+00 -1.319346727202846514e+00 -1.055962435058489080e+00 4.135087926265564734e-02 3.466453084078882640e-01 -8.538733711204538057e-01 -3.206297079155585594e-01
9.760683058682574353e-01 -1.838289786538259141e-01 1.161790441007039265e-01 6.042293612445918949e-02 2.142802173756305495e-01 9.041046946169126741e-01 -3.697008127224538643e-01 -4.091707670701595634e-02 -3.707629698107176019e-02 3.857481160811107035e-01 9.218588509483460758e-01 -9.701702191151870269e-02 0.000000000000000000e+00 0.000000000000000000e+00 0.000000000000000000e+00 1.000000000000000000e+00 -1.322799125763033601e+00 -1.033957190894822853e+00 4.821020080103463612e-02 3.460193125761802380e-01 -8.691754586369748736e-01 -3.220113303635658286e-01
9.765990113812644813e-01 -1.848296663399514872e-01 1.099652982378577365e-01 6.273569102230233674e-02 2.126356717501339533e-01 9.064811999756127170e-01 -3.647984464167719487e-01 -4.392411270864821776e-02 -3.225590097523293315e-02 3.796443464856058547e-01 9.245700238312910546e-01 -1.002437329510238451e-01 0.000000000000000000e+00 0.000000000000000000e+00 0.000000000000000000e+00 1.000000000000000000e+00 -1.325620169047615482e+00 -1.011807083116897488e+00 5.506564781286071852e-02 3.451517168215233466e-01 -8.841465007537748777e-01 -3.232900385229199869e-01
9.770797077014200527e-01 -1.858244620863880592e-01 1.038485218980544633e-01 6.507188232303258435e-02 2.110882832228718475e-01 9.088227599204049545e-01 -3.598373647328462210e-01 -4.701821417866408614e-02 -2.751331615220221211e-02 3.735109926545105430e-01 9.272176431335175106e-01 -1.034731038483488463e-01 0.000000000000000000e+00 0.000000000000000000e+00 0.000000000000000000e+00 1.000000000000000000e+00 -1.327826109108294572e+00 -9.895327272765221949e-01 6.190913786025205312e-02 3.440468827657003903e-01 -8.987871438697199178e-01 -3.244683354672627806e-01
9.775121327261085957e-01 -1.868134964938384934e-01 9.783020657421578892e-02 6.743005295561173285e-02 2.096375180325530108e-01 9.111278816645295153e-01 -3.548212164047620520e-01 -5.019846222097493899e-02 -2.285043742109378953e-02 3.673509249748556083e-01 9.298016763650790439e-01 -1.067031119560717806e-01 0.000000000000000000e+00 0.000000000000000000e+00 0.000000000000000000e+00 1.000000000000000000e+00 -1.329432740588157191e+00 -9.671535920874443359e-01 6.873334277263738745e-02 3.427092526768438785e-01 -9.130981111688025731e-01 -3.255487152214152080e-01
9.778980251930652345e-01 -1.877969364394342922e-01 9.191172074474446285e-02 6.980875104541732490e-02 2.082827274969903941e-01 9.133951650156781898e-01 -3.497535979509576176e-01 -5.346389157664327429e-02 -1.826906774372490452e-02 3.611669759190331841e-01 9.323221860574216757e-01 -1.099317988540843560e-01 0.000000000000000000e+00 0.000000000000000000e+00 0.000000000000000000e+00 1.000000000000000000e+00 -1.330455448959400488e+00 -9.446881135826051823e-01 7.553161208922741510e-02 3.411433455852683205e-01 -9.270802011973852119e-01 -3.265336652623339053e-01
9.782391199703458495e-01 -1.887749838665647162e-01 8.609431487696701801e-02 7.220653170405261223e-02 2.070231558198803168e-01 9.156233001646746361e-01 -3.446380514104271375e-01 -5.681349238578310007e-02 -1.377091873137821151e-02 3.549619401743085434e-01 9.347793241053011792e-01 -1.131572705417777935e-01 0.000000000000000000e+00 0.000000000000000000e+00 0.000000000000000000e+00 1.000000000000000000e+00 -1.330909252372929341e+00 -9.221537953848479852e-01 8.229790433486584844e-02 3.393537533381152937e-01 -9.407342864760547263e-01 -3.274256681396059965e-01
9.785371437442040854e-01 -1.897478744124571348e-01 8.037912603897849617e-02 7.462195875402448386e-02 2.058579474209020210e-01 9.178110655652041983e-01 -3.394780622403106296e-01 -6.024621197579754089e-02 -9.357611214538187616e-03 3.487385745780547941e-01 9.371733263743944331e-01 -1.163776975401610014e-01 0.000000000000000000e+00 0.000000000000000000e+00 0.000000000000000000e+00 1.000000000000000000e+00 -1.330808837840350867e+00 -8.995672966870656984e-01 8.902672533933687904e-02 3.373451366151379305e-01 -9.540613121427410359e-01 -3.282272023620965706e-01
9.787938110713285678e-01 -1.907158758946846111e-01 7.476718217062890137e-02 7.705360638731240108e-02 2.047861538357385325e-01 9.199573258840105794e-01 -3.342770573712274818e-01 -6.376095667185691096e-02 -5.030675803006192000e-03 3.424995978932308116e-01 9.395045075476134988e-01 -1.195913149043266871e-01 0.000000000000000000e+00 0.000000000000000000e+00 0.000000000000000000e+00 1.000000000000000000e+00 -1.330168592393466520e+00 -8.769445093625295451e-01 9.571307288939924496e-02 3.351222209246238481e-01 -9.670622946247664498e-01 -3.289407426754783481e-01
9.790108207659897754e-01 -1.916792866764487069e-01 6.925940605836808373e-02 7.950006075691815055e-02 2.038067402270260509e-01 9.220610300041878205e-01 -3.290384034171898175e-01 -6.735659362541430994e-02 -7.915534512710374268e-04 3.362476904547446743e-01 9.417732561873490837e-01 -1.227964221472483963e-01 0.000000000000000000e+00 0.000000000000000000e+00 0.000000000000000000e+00 1.000000000000000000e+00 -1.329002629798937907e+00 -8.543006254698519708e-01 1.023523870741723241e-01 3.326897925955574209e-01 -9.797383203382820094e-01 -3.295687598368311488e-01
9.791898525962043909e-01 -1.926384339292092074e-01 6.385661905326173171e-02 8.195992150058233061e-02 2.029185915422634656e-01 9.241212090670520851e-01 -3.237654050372685277e-01 -7.103195265650216750e-02 3.358403958258154506e-03 3.299854937138368416e-01 9.439800299945404483e-01 -1.259913830763874920e-01 0.000000000000000000e+00 0.000000000000000000e+00 0.000000000000000000e+00 1.000000000000000000e+00 -1.327324813345499788e+00 -8.316501962776767787e-01 1.089405057487709411e-01 3.300526947796011412e-01 -9.920905444141403517e-01 -3.301137199767812391e-01
9.793325642661075969e-01 -1.935936718100070009e-01 5.855954456664585334e-02 8.443180319597368144e-02 2.021205183502937375e-01 9.261369745406052845e-01 -3.184613034463974479e-01 -7.478582810554459948e-02 7.417933003587814760e-03 3.237156097044455727e-01 9.461253512486462736e-01 -1.291746255450216818e-01 0.000000000000000000e+00 0.000000000000000000e+00 0.000000000000000000e+00 1.000000000000000000e+00 -1.325148775167138249e+00 -8.090071838099412993e-01 1.154736245989532034e-01 3.272158234742841287e-01 -1.004120189449688727e+00 -3.305780836263296774e-01
9.794405886643867687e-01 -1.945453795696491794e-01 5.336881137354858307e-02 8.691433674679505117e-02 2.014112623840506322e-01 9.281075163048386756e-01 -3.131292750728132956e-01 -7.861698069045189308e-02 1.138585807430345272e-02 3.174406004526459935e-01 9.482098024153295945e-01 -1.323446411205820017e-01 0.000000000000000000e+00 0.000000000000000000e+00 0.000000000000000000e+00 1.000000000000000000e+00 -1.322487932517328657e+00 -7.863850058017993749e-01 1.219482613416352362e-01 3.241841235768847529e-01 -1.015828544286269786e+00 -3.309643044742144324e-01
9.795155313609270609e-01 -1.954939596067956087e-01 4.828495675012634686e-02 8.940617069940132167e-02 2.007895018137985932e-01 9.300321007460913281e-01 -3.077724303596541811e-01 -8.252413936482833057e-02 1.526109067845765263e-02 3.111629873476567942e-01 9.502340219110205766e-01 -1.354999846726089308e-01 0.000000000000000000e+00 0.000000000000000000e+00 0.000000000000000000e+00 1.000000000000000000e+00 -1.319355501366139771e+00 -7.637965748575574754e-01 1.283612236429993447e-01 3.209625849768464323e-01 -1.027216962812410372e+00 -3.312748279110566130e-01
9.795589683357924793e-01 -1.964398354819021364e-01 4.330842946789423970e-02 9.190597248968465638e-02 2.002538562720328763e-01 9.319100688544013078e-01 -3.023938127081942095e-01 -8.650600317321932575e-02 1.904262869954457052e-02 3.048852504905579797e-01 9.521987000155238690e-01 -1.386392738832155358e-01 0.000000000000000000e+00 0.000000000000000000e+00 0.000000000000000000e+00 1.000000000000000000e+00 -1.315764507653188087e+00 -7.412543325139766548e-01 1.347095803780905265e-01 3.175562386931403136e-01 -1.038286862792787923e+00 -3.315120894083853353e-01
9.795724439263591155e-01 -1.973834499039367751e-01 3.843959266443736089e-02 9.441242962014885498e-02 1.998028916485131146e-01 9.337408343192971083e-01 -2.969963975600926620e-01 -9.056124309944324491e-02 2.272955559923113544e-02 2.986098280347364575e-01 9.541045749255370190e-01 -1.417611886831806056e-01 0.000000000000000000e+00 0.000000000000000000e+00 0.000000000000000000e+00 1.000000000000000000e+00 -1.311727796494595033e+00 -7.187702788338428128e-01 1.409906358937244586e-01 3.139701530617587943e-01 -1.049039724723094480e+00 -3.316785127736952554e-01
9.795574689798645096e-01 -1.983252627017895731e-01 3.367872660753571529e-02 9.692425076726285393e-02 1.994351246715357906e-01 9.355238816207813723e-01 -2.915830916158921315e-01 -9.468850390419403240e-02 2.632103956268019851e-02 2.923391155301532374e-01 9.559524289433722899e-01 -1.448644706169906204e-01 0.000000000000000000e+00 0.000000000000000000e+00 0.000000000000000000e+00 1.000000000000000000e+00 -1.307258039610818878e+00 -6.963559980847878750e-01 1.472019069706365091e-01 3.102094299774628139e-01 -1.059477090710899017e+00 -3.317765083167749651e-01
9.795155191998704547e-01 -1.992657487913445935e-01 2.902603136718733684e-02 9.944016681935274882e-02 1.991490272894778646e-01 9.372587641133904857e-01 -2.861567321868248026e-01 -9.888640594825912067e-02 2.981633258433517147e-02 2.860754652817881771e-01 9.577430847963640526e-01 -1.479479221403109113e-01 0.000000000000000000e+00 0.000000000000000000e+00 0.000000000000000000e+00 1.000000000000000000e+00 -1.302367741214125019e+00 -6.740226809960112586e-01 1.533411022114661293e-01 3.062792011929982849e-01 -1.069600563382542058e+00 -3.318084709574908864e-01
9.794480336761862693e-01 -2.002053961482720967e-01 2.448162940784341310e-02 1.019589318454580812e-01 1.989430308648328927e-01 9.389451021021814059e-01 -2.807200866767888270e-01 -1.031535469978702713e-01 3.321476949295078945e-02 2.798211857310501927e-01 9.594774020834212491e-01 -1.510104058534947058e-01 0.000000000000000000e+00 0.000000000000000000e+00 0.000000000000000000e+00 1.000000000000000000e+00 -1.297069242569172554e+00 -6.517811440299863257e-01 1.594061036087369987e-01 3.021846246782163292e-01 -1.079411804815993303e+00 -3.317767783008858107e-01
9.793564135886895228e-01 -2.011447037957294903e-01 2.004556811124870441e-02 1.044793239957412939e-01 1.988155301913851203e-01 9.405825809103222079e-01 -2.752758521911460310e-01 -1.074885040088896238e-01 3.651576691546026127e-02 2.735785408675253105e-01 9.611562738459802357e-01 -1.540508436748382337e-01 0.000000000000000000e+00 0.000000000000000000e+00 0.000000000000000000e+00 1.000000000000000000e+00 -1.291374725417447911e+00 -6.296418460566994835e-01 1.653949500717696308e-01 2.979308810408710095e-01 -1.088912535499482415e+00 -3.316837887017389241e-01
9.792420210762318167e-01 -2.020841798153311386e-01 1.571782223858604263e-02 1.070001463341966608e-01 1.987648873437998509e-01 9.421709489386553837e-01 -2.698266552687748066e-01 -1.118898348867276293e-01 3.971882217997518144e-02 2.673497496771620185e-01 9.627806232612459159e-01 -1.570682159573621173e-01 0.000000000000000000e+00 0.000000000000000000e+00 0.000000000000000000e+00 1.000000000000000000e+00 -1.285296214435771800e+00 -6.076149027738022568e-01 1.713058227137312928e-01 2.935231700103052566e-01 -1.098104533315563902e+00 -3.315318393375376593e-01
9.791061782624540522e-01 -2.030243393889575032e-01 1.149829633913360127e-02 1.095202276045559309e-01 1.987894353677279458e-01 9.437100157181826932e-01 -2.643750517335962669e-01 -1.163560802190903437e-01 4.282351215882895107e-02 2.611369856318493388e-01 9.643514004561024588e-01 -1.600615605529461249e-01 0.000000000000000000e+00 0.000000000000000000e+00 0.000000000000000000e+00 1.000000000000000000e+00 -1.278845578880637435e+00 -5.857100991766774900e-01 1.771370317200373912e-01 2.889667069847639547e-01 -1.106989632550127389e+00 -3.313232443060527554e-01
9.789501664308674078e-01 -2.039657028782235759e-01 7.386827111337487296e-03 1.120384229304310364e-01 1.988874818175070114e-01 9.451996499568928733e-01 -2.589235266615798059e-01 -1.208857649788596528e-01 4.582949205310563046e-02 2.549423762243158142e-01 9.658695794404473789e-01 -1.630299718276690957e-01 0.000000000000000000e+00 0.000000000000000000e+00 0.000000000000000000e+00 1.000000000000000000e+00 -1.272034533553469515e+00 -5.639369003473073683e-01 1.828870046372990388e-01 2.842667196426781895e-01 -1.115569722925704443e+00 -3.310602927613163216e-01
9.787752253420068937e-01 -2.049087939477147458e-01 3.383185721062217238e-03 1.145536144508687987e-01 1.990573121476725271e-01 9.466397775827358751e-01 -2.534744944590344717e-01 -1.254774001946189488e-01 4.873649412055061636e-02 2.487680025513610838e-01 9.673361551589708673e-01 -1.659725996322087005e-01 0.000000000000000000e+00 0.000000000000000000e+00 0.000000000000000000e+00 1.000000000000000000e+00 -1.264874639206856610e+00 -5.423044607995173294e-01 1.885542759381675926e-01 2.794284446179389203e-01 -1.123846748658259731e+00 -3.307452470997228611e-01
9.785825526858407120e-01 -2.058541377374222547e-01 -5.129199192090171978e-04 1.170647118926179814e-01 1.992971929637530337e-01 9.480303797848461667e-01 -2.480302990478055192e-01 -1.301294845865470784e-01 5.154432634914456884e-02 2.426158989476136507e-01 9.687521406605791308e-01 -1.688886482311405535e-01 0.000000000000000000e+00 0.000000000000000000e+00 0.000000000000000000e+00 1.000000000000000000e+00 -1.257377302498220883e+00 -5.208216325902499388e-01 1.941374777319420375e-01 2.744571242389133303e-01 -1.131822707536501271e+00 -3.303803412061577793e-01
