6.806644212156439666e-01 4.048507935512958844e-01 6.105667700195109848e-01 0.000000000000000000e+00 1.614702110091222331e-01 7.300266008793178107e-01 -6.640696747821411838e-01 0.000000000000000000e+00 -7.145791185361085596e-01 5.505969460226556311e-01 4.315317906976064433e-01 0.000000000000000000e+00 0.000000000000000000e+00 0.000000000000000000e+00 0.000000000000000000e+00 1.000000000000000000e+00 -3.678158148351137191e-01 -5.311915493292471702e-01 2.722497999088026033e-01 -4.572758666548919493e-01 2.967967921036946954e-01 -3.707176736083370172e-01
6.831097276321034251e-01 4.025651183180313786e-01 6.093458999446852431e-01 -2.074991005846775743e-03 1.603774795659951291e-01 7.313035874123994251e-01 -6.629284482378905441e-01 1.932117390658647264e-03 -7.124887117684041149e-01 5.505782313729059574e-01 4.349982153790018513e-01 1.533980641856561933e-03 0.000000000000000000e+00 0.000000000000000000e+00 0.000000000000000000e+00 1.000000000000000000e+00 -5.317515993150340181e-01 -7.173888453840915336e-01 2.636642250151681188e-01 -4.221928127292710609e-01 2.706588311675402481e-01 -3.825456526058388929e-01
6.860874407091146487e-01 3.998372271397066524e-01 6.077945507969045869e-01 -4.120861547928806462e-03 1.586339197483069285e-01 7.331137824660485247e-01 -6.613467035006567185e-01 3.833203561388781253e-03 -7.100135941493477265e-01 5.501584992802366347e-01 4.395524121628019421e-01 2.837737687463176995e-03 0.000000000000000000e+00 0.000000000000000000e+00 0.000000000000000000e+00 1.000000000000000000e+00 -6.849264357023813199e-01 -9.018617128277611750e-01 2.484558568466343764e-01 -3.877312624846364075e-01 2.448421493929140991e-01 -3.910477130854251859e-01
6.895754439461512231e-01 3.967224607548750503e-01 6.058853001536156357e-01 -6.128942426908227589e-03 1.562275624422727049e-01 7.354254097970321924e-01 -6.593499954295451992e-01 5.693819819015681800e-03 -7.071623977894361257e-01 5.493275494349003640e-01 4.451523204457007998e-01 3.918278255341774499e-03 0.000000000000000000e+00 0.000000000000000000e+00 0.000000000000000000e+00 1.000000000000000000e+00 -8.285704382266907420e-01 -1.084587427662084824e+00 2.274514085554902032e-01 -3.539126142969483135e-01 2.193439059165295246e-01 -3.967853581013235931e-01
6.935524386227158722e-01 3.932711212945202428e-01 6.035916176934486010e-01 -8.091735931438482840e-03 1.531499817874404368e-01 7.382089429753914134e-01 -6.569571074517995823e-01 7.505800819713288538e-03 -7.039389883405950954e-01 5.480742492381053266e-01 4.517571475541459769e-01 4.782002950839706924e-03 0.000000000000000000e+00 0.000000000000000000e+00 0.000000000000000000e+00 1.000000000000000000e+00 -9.637530506655235252e-01 -1.265538805673073419e+00 2.013578733179383073e-01 -3.207493071568580656e-01 1.941628880822501291e-01 -4.002515400590329619e-01
6.979976284783392382e-01 3.895293488946257043e-01 6.008878415371459170e-01 -1.000275866006388424e-02 1.493958039125425352e-01 7.414367130536410055e-01 -6.541807823993071036e-01 9.262081230547959329e-03 -7.003429203619551124e-01 5.463867568578371081e-01 4.593270171528414103e-01 5.434833707839458947e-03 0.000000000000000000e+00 0.000000000000000000e+00 0.000000000000000000e+00 1.000000000000000000e+00 -1.091404081924459701e+00 -1.444686068854392103e+00 1.707786504221508739e-01 -2.882472150458108007e-01 1.693004472474050337e-01 -4.018792709102875227e-01
7.028851328814206267e-01 3.855319609599970332e-01 5.977604857809909467e-01 -1.185336819307143165e-02 1.449812495726088835e-01 7.450808710352798681e-01 -6.510260631638312701e-01 1.095323686956731213e-02 -6.963712582037164811e-01 5.442606030474406165e-01 4.678113615902196321e-01 5.884660177493894473e-03 0.000000000000000000e+00 0.000000000000000000e+00 0.000000000000000000e+00 1.000000000000000000e+00 -1.212318638259415771e+00 -1.615539275475194714e+00 1.407353131748458053e-01 -2.563915365568595894e-01 1.447580346226048364e-01 -4.000311386404853398e-01
7.081792008384876214e-01 3.812955636451860197e-01 5.942187426496766678e-01 -1.362994995623227276e-02 1.399609377038075475e-01 7.491116787703880897e-01 -6.474894832448504500e-01 1.256441428063500079e-02 -6.920210673736372220e-01 5.417059971439736055e-01 4.771388253720161843e-01 6.143688537657847511e-03 0.000000000000000000e+00 0.000000000000000000e+00 0.000000000000000000e+00 1.000000000000000000e+00 -1.327151277078981950e+00 -1.772231167002879859e+00 1.157835656681918401e-01 -2.251314525366751584e-01 1.205299530386772927e-01 -3.932145681266044357e-01
7.138410836513208180e-01 3.768284560220513391e-01 5.902806312565314073e-01 -1.531766335090186011e-02 1.344039655717223780e-01 7.534994887290139554e-01 -6.435635920352311690e-01 1.407940318907519549e-02 -6.872892286566191222e-01 5.387381894804381677e-01 4.872316527245404427e-01 6.225767458721033487e-03 0.000000000000000000e+00 0.000000000000000000e+00 0.000000000000000000e+00 1.000000000000000000e+00 -1.436435880645655194e+00 -1.916384419266155437e+00 9.522805838340570039e-02 -1.943997118613319808e-01 9.660213167191053496e-02 -3.822274297716261038e-01
7.198361373220890647e-01 3.721400692523592069e-01 5.859587920645946690e-01 -1.690453225449666669e-02 1.283746656874017178e-01 7.582134922716992076e-01 -6.392434966346467462e-01 1.548509260811537294e-02 -6.821699812378307914e-01 5.353728333489142788e-01 4.980161145506623033e-01 6.143191247959242651e-03 0.000000000000000000e+00 0.000000000000000000e+00 0.000000000000000000e+00 1.000000000000000000e+00 -1.539023361962230663e+00 -2.049414869685850071e+00 7.963376452459144939e-02 -1.641355795326094325e-01 7.295734712442882020e-02 -3.682866889545839406e-01
7.261368256653901732e-01 3.672413414750086424e-01 5.812564918927506374e-01 -1.838360363718379020e-02 1.219405352421763233e-01 7.632125427323468436e-01 -6.345369360895166677e-01 1.677383117044105657e-02 -6.766504408641811352e-01 5.316393641464197684e-01 5.094151273317950590e-01 5.904733705301781072e-03 0.000000000000000000e+00 0.000000000000000000e+00 0.000000000000000000e+00 1.000000000000000000e+00 -1.630296719136682615e+00 -2.172581239255153118e+00 7.217807719526556087e-02 -1.342956961709353692e-01 4.958061426104133640e-02 -3.536574449851374591e-01
7.327204926712546085e-01 3.621436634035552493e-01 5.761706766344178998e-01 -1.975145418222287730e-02 1.151694270970747974e-01 7.684503942216984740e-01 -6.294600841791049284e-01 1.794180377261395468e-02 -6.707135645384096900e-01 5.275755495984908450e-01 5.213514731928142742e-01 5.516665749113511263e-03 0.000000000000000000e+00 0.000000000000000000e+00 0.000000000000000000e+00 1.000000000000000000e+00 -1.711611988724106803e+00 -2.287031825971450605e+00 7.171009518904010449e-02 -1.048542451564321437e-01 2.645956011448069578e-02 -3.385632699101751575e-01
7.395650040406115400e-01 3.568577786429052989e-01 5.706979346722915736e-01 -2.100514033538983596e-02 1.081220892339504608e-01 7.738865060499550141e-01 -6.240266761573748378e-01 1.898570349612708000e-02 -6.643442042340452769e-01 5.232133441504129845e-01 5.337551683736794228e-01 4.985230864790298616e-03 0.000000000000000000e+00 0.000000000000000000e+00 0.000000000000000000e+00 1.000000000000000000e+00 -1.784154572830989771e+00 -2.393740439378889029e+00 7.722990618881586666e-02 -7.579409546802998165e-02 3.581700884354083181e-03 -3.231769860193219879e-01
7.466485858605356185e-01 3.513938264615772411e-01 5.648347280812074933e-01 -2.214210141265478965e-02 1.008531678853293867e-01 7.794853654035048818e-01 -6.182484991541301600e-01 1.990262197771067859e-02 -6.575291103285740846e-01 5.185797391181850013e-01 5.465624651893807862e-01 4.316712386780270465e-03 0.000000000000000000e+00 0.000000000000000000e+00 0.000000000000000000e+00 1.000000000000000000e+00 -1.848958733252363151e+00 -2.493529944932946218e+00 8.787191635415203539e-02 -4.710556476663667336e-02 -1.906515757803692312e-02 -3.076302086562477389e-01
7.539496987012737073e-01 3.457613846629066234e-01 5.585775853491343756e-01 -2.316008546029057688e-02 9.341207769663531502e-02 7.852158644800250054e-01 -6.121357962320858048e-01 2.068996437750962245e-02 -6.502569021629712731e-01 5.136974917908956328e-01 5.597149750968712922e-01 3.517487882173660641e-03 0.000000000000000000e+00 0.000000000000000000e+00 0.000000000000000000e+00 1.000000000000000000e+00 -1.906925320219221121e+00 -2.587093155386645194e+00 1.028894488492453074e-01 -1.878528376757070475e-02 -4.149269163989720288e-02 -2.920211468002325006e-01
7.614469423151251082e-01 3.399695104339422458e-01 5.519232629781257726e-01 -2.405709374163461645e-02 8.584375360886649375e-02 7.910507356441723870e-01 -6.056976034090865157e-01 2.134538449982662997e-02 -6.425180209972557455e-01 5.085857525378573163e-01 5.731589049685292814e-01 2.594072924386727971e-03 0.000000000000000000e+00 0.000000000000000000e+00 0.000000000000000000e+00 1.000000000000000000e+00 -1.958837766505642231e+00 -2.675011244114804843e+00 1.216406932740125846e-01 9.164823324248803915e-03 -6.371194417102467311e-02 -2.764209718574642261e-01
7.691189866766864336e-01 3.340267777562015983e-01 5.448688817700935161e-01 -2.483134043088323570e-02 7.818929809583337331e-02 7.969660448895627969e-01 -5.989420340688043076e-01 2.186673636377971935e-02 -6.343046754874938076e-01 5.032606055994405247e-01 5.868443975461256068e-01 1.553156004496679702e-03 0.000000000000000000e+00 0.000000000000000000e+00 0.000000000000000000e+00 1.000000000000000000e+00 -2.005376425073516877e+00 -2.757769887484563753e+00 1.435760101832061209e-01 3.673843974467608936e-02 -8.573328060336340983e-02 -2.608790123027967534e-01
7.769292492418631291e-01 3.279519758076187563e-01 5.374276188588124059e-01 -2.548460101627480004e-02 7.048729027373719369e-02 8.029417809012560081e-01 -5.918750219836591553e-01 2.225575315932919532e-02 -6.256296723792986736e-01 4.977268329066902308e-01 6.007125088875822083e-01 3.979438684362695058e-04 0.000000000000000000e+00 0.000000000000000000e+00 0.000000000000000000e+00 1.000000000000000000e+00 -2.047162827355618830e+00 -2.827797889758006278e+00 1.626787248652222517e-01 6.391489874087649681e-02 -1.075528252097084914e-01 -2.479114929321744321e-01
7.848252083023292691e-01 3.217762867439059038e-01 5.296313963469496677e-01 -2.602249960933618669e-02 6.277302898933460884e-02 8.089608679712672057e-01 -5.845013808426002822e-01 2.251838068649940003e-02 -6.165297581141347960e-01 4.919779848304295933e-01 6.146940095189019626e-01 -8.724967676272728928e-04 0.000000000000000000e+00 0.000000000000000000e+00 0.000000000000000000e+00 1.000000000000000000e+00 -2.084473663049813741e+00 -2.884532232001544294e+00 1.776956918817458875e-01 9.065836317193363969e-02 -1.291480486701890307e-01 -2.378506339272759285e-01
7.927571584085458811e-01 3.155316514599708078e-01 5.215130554674064500e-01 -2.645048070376308791e-02 5.507698416289712878e-02 8.150069628385862019e-01 -5.768276862692300888e-01 2.266036475609406464e-02 -6.070441639698381797e-01 4.860076436158295987e-01 6.287240721530015231e-01 -2.259094177212685184e-03 0.000000000000000000e+00 0.000000000000000000e+00 0.000000000000000000e+00 1.000000000000000000e+00 -2.117480565874629850e+00 -2.929703178401424246e+00 1.890750582665127466e-01 1.169315624110446178e-01 -1.504921773426660114e-01 -2.302801547365304069e-01
8.006822586655710783e-01 3.092476708495697779e-01 5.131021350971011197e-01 -2.677290962844235123e-02 4.742517614802262832e-02 8.210640314376206339e-01 -5.688626479828257088e-01 2.268626357425038501e-02 -5.972091566008648211e-01 4.798121888563212645e-01 6.427452779171403119e-01 -3.761714478719347353e-03 0.000000000000000000e+00 0.000000000000000000e+00 0.000000000000000000e+00 1.000000000000000000e+00 -2.146344901395365934e+00 -2.964776512388381580e+00 1.972336543294694877e-01 1.427003732079430154e-01 -1.715588621080263998e-01 -2.248298650081005934e-01
8.085636460463766495e-01 3.029516944249445731e-01 5.044255182361088163e-01 -2.699324660953071955e-02 3.983988951409809381e-02 8.271164370858147263e-01 -5.606167907237222803e-01 2.259963849448869480e-02 -5.870584441890518423e-01 4.733906131157060715e-01 6.567067200209516509e-01 -5.379261330500162593e-03 0.000000000000000000e+00 0.000000000000000000e+00 0.000000000000000000e+00 1.000000000000000000e+00 -2.171221146287000359e+00 -2.990995638118937539e+00 2.025550895680836017e-01 1.679344728230194594e-01 -1.923226665890952203e-01 -2.211722046085052018e-01
8.163696648567148051e-01 2.966689076414375514e-01 4.955079533679090931e-01 -2.711420420095930067e-02 3.234025210252308019e-02 8.331490297531671807e-01 -5.521021695836899612e-01 2.240322603021064132e-02 -5.766235182390072600e-01 4.667443151375745281e-01 6.705632469111928451e-01 -7.109772823675020864e-03 0.000000000000000000e+00 0.000000000000000000e+00 0.000000000000000000e+00 1.000000000000000000e+00 -2.192259250900729040e+00 -3.009417115660344422e+00 2.053895322575778060e-01 1.926076287618491423e-01 -2.127594296800800477e-01 -2.190186398300996706e-01
8.240731999731297774e-01 2.904224175732715851e-01 4.863724732816259722e-01 -2.713788803152126367e-02 2.494270551445685463e-02 8.391472311625486347e-01 -5.433321168704232651e-01 2.209909153304127558e-02 -5.659339412945817438e-01 4.598768814246250169e-01 6.842748231764906874e-01 -8.950515219236841388e-03 0.000000000000000000e+00 0.000000000000000000e+00 0.000000000000000000e+00 1.000000000000000000e+00 -2.209606242769183826e+00 -3.020940644234897388e+00 2.060546005403383063e-01 2.166977419292428764e-01 -2.328465251470957509e-01 -2.181160714958701452e-01
8.316511017090560953e-01 2.842333368808884764e-01 4.770407294345563876e-01 -2.706592133889047097e-02 1.766138803021663484e-02 8.450971123313024691e-01 -5.343210172304934114e-01 2.168876531106595645e-02 -5.550175887037137601e-01 4.527938639291569367e-01 6.978059892478928328e-01 -1.089807320578021869e-02 0.000000000000000000e+00 0.000000000000000000e+00 0.000000000000000000e+00 1.000000000000000000e+00 -2.223407268619545185e+00 -3.026334350397493100e+00 2.048369499046447384e-01 2.401867278476216006e-01 -2.525630375494004598e-01 -2.182433591345266655e-01
8.390836908056898968e-01 2.781208661772840984e-01 4.675332564934517321e-01 -2.689955409815852558e-02 1.050844687111059106e-02 8.509854615154889279e-01 -5.250841077266485968e-01 2.117336219591771720e-02 -5.439008510100394878e-01 4.455025593344516532e-01 7.111254035046894462e-01 -1.294843639445786287e-02 0.000000000000000000e+00 0.000000000000000000e+00 0.000000000000000000e+00 1.000000000000000000e+00 -2.233806225793605105e+00 -3.026256105017889997e+00 2.019942613438581169e-01 2.630602965538957339e-01 -2.718898707290510197e-01 -2.192080275140930179e-01
8.463543329191981490e-01 2.721023749832556793e-01 4.578696790392344784e-01 -2.663975775533465595e-02 3.494293463406399937e-03 8.567998414858943868e-01 -5.156372997530911384e-01 2.055368570420016902e-02 -5.326088024179628233e-01 4.380117937402868700e-01 7.242054527160554089e-01 -1.509708181340905543e-02 0.000000000000000000e+00 0.000000000000000000e+00 0.000000000000000000e+00 1.000000000000000000e+00 -2.240946097718354846e+00 -3.021271480661790410e+00 1.977574238578483079e-01 2.853076739962752684e-01 -2.908098025290875577e-01 -2.208431943302241185e-01
8.534490729641512896e-01 2.661934814885151823e-01 4.480688703491736424e-01 -2.628730668314578287e-02 -3.372187230344259740e-03 8.625286357479626798e-01 -5.059970199728320850e-01 1.983031800402873870e-02 -5.211653399366201755e-01 4.303317153484913504e-01 7.370219188234217178e-01 -1.733905221117355844e-02 0.000000000000000000e+00 0.000000000000000000e+00 0.000000000000000000e+00 1.000000000000000000e+00 -2.244969079949767465e+00 -3.011868866220393848e+00 1.923327708948213699e-01 3.069212946903700501e-01 -3.093074971647860050e-01 -2.230047382062800843e-01
8.603563206948734443e-01 2.604081313272103015e-01 4.381490715344222298e-01 -2.584284751622262233e-02 -1.008346432747584190e-02 8.681610837910392897e-01 -4.961800678087278649e-01 1.900369691217629331e-02 -5.095932971694153713e-01 4.224735968626062155e-01 7.495536919038485735e-01 -1.966903002497301031e-02 0.000000000000000000e+00 0.000000000000000000e+00 0.000000000000000000e+00 1.000000000000000000e+00 -2.246016561564178726e+00 -2.998472175713326582e+00 1.859042782953848894e-01 3.278964858884106937e-01 -3.273694847444847400e-01 -2.255687124114837683e-01
8.670665799098750126e-01 2.547586755462790675e-01 4.281279780004736413e-01 -2.530695751671327431e-02 -1.663321828001807293e-02 8.736873057722468472e-01 -4.862034873737219876e-01 1.807418112695980544e-02 -4.979145362184395629e-01 4.144496486820438697e-01 7.617825207656223618e-01 -2.208140691363221289e-02 0.000000000000000000e+00 0.000000000000000000e+00 0.000000000000000000e+00 1.000000000000000000e+00 -2.244229009922717122e+00 -2.981451520780728615e+00 1.786356656813725963e-01 3.482311566626428712e-01 -3.449841157809117043e-01 -2.284290003329425833e-01
8.735722146176089220e-01 2.492559479027330882e-01 4.180227991338608118e-01 -2.468019308514853016e-02 -2.301622181755666463e-02 8.790983172491326769e-01 -4.760844520620708398e-01 1.704210485818887996e-02 -4.861500207746632940e-01 4.062728435192359266e-01 7.736927940319057173e-01 -2.457034879545593950e-02 0.000000000000000000e+00 0.000000000000000000e+00 0.000000000000000000e+00 1.000000000000000000e+00 -2.239745794006991808e+00 -2.961132159531986385e+00 1.706723674800424972e-01 3.679255004151287256e-01 -3.621414971206274869e-01 -2.314952025958305626e-01
8.798672463860526261e-01 2.439093415779464979e-01 4.078502962418645295e-01 -2.396312947626421871e-02 -2.922823973414073739e-02 8.843860347042317160e-01 -4.658401603286887460e-01 1.590782295675229746e-02 -4.743198731357736730e-01 3.979567527481920330e-01 7.852713457859603619e-01 -2.712985636820149440e-02 0.000000000000000000e+00 0.000000000000000000e+00 0.000000000000000000e+00 1.000000000000000000e+00 -2.232704971768808999e+00 -2.937801986474630755e+00 1.621433565546282207e-01 3.869817158808083746e-01 -3.788334145206830872e-01 -2.346907419401302042e-01
8.859471779049576945e-01 2.387268853478179409e-01 3.976268030401316489e-01 -2.315639271347195299e-02 -3.526594358143868985e-02 8.895432726768814913e-01 -4.554877414519504786e-01 1.467174757895262777e-02 -4.624434176134590846e-01 3.895153945674220131e-01 7.965072809016175981e-01 -2.975382112134873983e-02 0.000000000000000000e+00 0.000000000000000000e+00 0.000000000000000000e+00 1.000000000000000000e+00 -2.223243059580523262e+00 -2.911717787805345736e+00 1.531628147535699369e-01 4.054037492983104118e-01 -3.950532460922410727e-01 -2.379511698728352942e-01
8.918088385150867436e-01 2.337153192003137148e-01 3.873682323642134717e-01 -2.226068462434294126e-02 -4.112683807590997165e-02 8.945637333497964416e-01 -4.450441703045203701e-01 1.333437734895038043e-02 -4.505392125466912701e-01 3.809630939018387452e-01 8.073918160838596814e-01 -3.243607688032019987e-02 0.000000000000000000e+00 0.000000000000000000e+00 0.000000000000000000e+00 1.000000000000000000e+00 -2.211494796382528882e+00 -2.883110452220726927e+00 1.438316521185841745e-01 4.231970587927836869e-01 -4.107958699867265140e-01 -2.412226582267065766e-01
8.974502481044355218e-01 2.288801693484266708e-01 3.770900722516080661e-01 -2.127680184663090918e-02 -4.680919664354018378e-02 8.994419894422182038e-01 -4.345261903479607501e-01 1.189631990975736908e-02 -4.386250729174464569e-01 3.723143538569971822e-01 8.179181334138503345e-01 -3.517044694840019969e-02 0.000000000000000000e+00 0.000000000000000000e+00 0.000000000000000000e+00 1.000000000000000000e+00 -2.197592911077506095e+00 -2.852189298597856304e+00 1.342388811406194371e-01 4.403684009316589099e-01 -4.260575689987644021e-01 -2.444606587015205612e-01
9.028704963408431539e-01 2.242258225482957890e-01 3.668073740834146834e-01 -2.020564958251796356e-02 -5.231200403574260555e-02 9.041734612466304499e-01 -4.239502442225400181e-01 1.035830868124244623e-02 -4.267180853638202209e-01 3.635837384603612388e-01 8.280812438462834546e-01 -3.795078693513773832e-02 0.000000000000000000e+00 0.000000000000000000e+00 0.000000000000000000e+00 1.000000000000000000e+00 -2.181667898782329917e+00 -2.819145657560111928e+00 1.244628551578930153e-01 4.569256387193767477e-01 -4.408359341812933541e-01 -2.476287139678644278e-01
9.080696347084743492e-01 2.197555995998922429e-01 3.565347350760579292e-01 -1.904825080950321714e-02 -5.763490437323062765e-02 9.087543886182687380e-01 -4.133324114272239336e-01 8.721214573970879208e-03 -4.148346171983113284e-01 3.547857663679245821e-01 8.378778586587172228e-01 -4.077102338028439077e-02 0.000000000000000000e+00 0.000000000000000000e+00 0.000000000000000000e+00 1.000000000000000000e+00 -2.163847809453164128e+00 -2.784155823371029737e+00 1.145723813603295310e-01 4.728775698750207757e-01 -4.551297690933689966e-01 -2.506974047760240354e-01
9.130485792480870222e-01 2.154718278816693811e-01 3.462862770638077681e-01 -1.780575159059879717e-02 -6.277815332591900332e-02 9.131817986903494333e-01 -4.026883526801071644e-01 6.986053341250791394e-03 -4.029903208634353362e-01 3.459348151732393739e-01 8.473062673153374247e-01 -4.362518830007885290e-02 0.000000000000000000e+00 0.000000000000000000e+00 0.000000000000000000e+00 1.000000000000000000e+00 -2.144258050938617099e+00 -2.747383475190226410e+00 1.046277193389335280e-01 4.882337740034915496e-01 -4.689389959138834940e-01 -2.536434185872858404e-01
9.178090222737124160e-01 2.113759127509814151e-01 3.360756232044708192e-01 -1.647942306473188998e-02 -6.774257342809614224e-02 9.174534700461395298e-01 -3.920332606204303127e-01 5.153989188988208209e-03 -3.912001350911189501e-01 3.370450359248008954e-01 8.563662205926425575e-01 -4.650744979816873181e-02 0.000000000000000000e+00 0.000000000000000000e+00 0.000000000000000000e+00 1.000000000000000000e+00 -2.123021207526439191e+00 -2.708981651977311333e+00 9.468147601020122928e-02 5.030044771658771507e-01 -4.822645643403525306e-01 -2.564487264271635425e-01
9.223533516572703927e-01 2.074684076287688084e-01 3.259158739678669203e-01 -1.507066064065393923e-02 -7.252951176878788542e-02 9.215678940338134506e-01 -3.813818165636400082e-01 3.226335204074394850e-03 -3.794782838756255994e-01 3.281302774335196348e-01 8.650588181318963343e-01 -4.941213889683910426e-02 0.000000000000000000e+00 0.000000000000000000e+00 0.000000000000000000e+00 1.000000000000000000e+00 -2.100256874403768848e+00 -2.669094352819745719e+00 8.477940727536480148e-02 5.172004323348469157e-01 -4.951083639386215096e-01 -2.590998558757053871e-01
9.266845765434110760e-01 2.037490825796921257e-01 3.158195835250242611e-01 -1.358098086421260890e-02 -7.714079949519228596e-02 9.255242338629580123e-01 -3.707481530542791615e-01 1.204551107085334843e-03 -3.678382742216746437e-01 3.192040199325993921e-01 8.733863998417235042e-01 -5.233377275563874664e-02 0.000000000000000000e+00 0.000000000000000000e+00 0.000000000000000000e+00 1.000000000000000000e+00 -2.076081508051073055e+00 -2.627857823833966044e+00 7.496113609532928379e-02 5.308328142557211526e-01 -5.074731404062028384e-01 -2.615872493082485040e-01
9.308062585848912995e-01 2.002169911971531657e-01 3.057987374418763005e-01 -1.201201637941394507e-02 -8.157871272872491142e-02 9.293222820735966838e-01 -3.601458219811467520e-01 -9.097612160124703140e-04 -3.562928934898745847e-01 3.102793176362699801e-01 8.813524407818067452e-01 -5.526707445406717212e-02 0.000000000000000000e+00 0.000000000000000000e+00 0.000000000000000000e+00 1.000000000000000000e+00 -2.050608292360514451e+00 -2.585401583748206278e+00 6.526079587911966240e-02 5.439131273020727519e-01 -5.193624160499946685e-01 -2.639046976469565098e-01
9.347224479790668950e-01 1.968705356059644307e-01 2.958647323917626415e-01 -1.036550935808991034e-02 -8.584593462393526331e-02 9.329624169204187023e-01 -3.495877680281352373e-01 -3.114863995829179801e-03 -3.448542070307190066e-01 3.013687497308144003e-01 8.889614493222616209e-01 -5.820698952279101251e-02 0.000000000000000000e+00 0.000000000000000000e+00 0.000000000000000000e+00 1.000000000000000000e+00 -2.023947020153765042e+00 -2.541849232570859485e+00 5.570760726608187108e-02 5.564531250016832020e-01 -5.307804146508411369e-01 -2.660488409580147873e-01
9.384376237432353607e-01 1.937075294032474249e-01 2.860283584338849105e-01 -8.643303730958465381e-03 -8.994551840487022276e-02 9.364455581670170226e-01 -3.390863072350853713e-01 -5.408891311716572566e-03 -3.335335566764095483e-01 2.924843793208707909e-01 8.962188684991329035e-01 -6.114869941396153252e-02 0.000000000000000000e+00 0.000000000000000000e+00 0.000000000000000000e+00 1.000000000000000000e+00 -1.996203989730183093e+00 -2.497319081170952693e+00 4.632639557483381881e-02 5.684647400045635957e-01 -5.417319907865432160e-01 -2.680187282194232967e-01
9.419566377948360714e-01 1.907252583698445803e-01 2.762997842580757202e-01 -6.847336514181455100e-03 -9.388085129524802175e-02 9.397731227377399410e-01 -3.286531104382153790e-01 -7.789857951173295367e-03 -3.223415605469132084e-01 2.836377198460023896e-01 9.031309805800942225e-01 -6.408763210566020829e-02 0.000000000000000000e+00 0.000000000000000000e+00 0.000000000000000000e+00 1.000000000000000000e+00 -1.967481916073188453e+00 -2.451924633972386136e+00 3.713805542257116177e-02 5.799600233631156954e-01 -5.522225636063815557e-01 -2.698154294845162560e-01
9.452846625057674812e-01 1.879205387994902776e-01 2.666885456681050148e-01 -4.979628489958395736e-03 -9.765561932142073631e-02 9.429469806285366573e-01 -3.182991913511695747e-01 -1.025566911092469155e-02 -3.112881145231374824e-01 2.748397084770664578e-01 9.097048149207788148e-01 -6.701947003835749539e-02 0.000000000000000000e+00 0.000000000000000000e+00 0.000000000000000000e+00 1.000000000000000000e+00 -1.937879856358988295e+00 -2.405774952144544176e+00 2.815996830240565657e-02 5.909510920912734999e-01 -5.622580549897635560e-01 -2.714416944758881733e-01
9.484271414818160606e-01 1.852897733105688949e-01 2.572035374647675954e-01 -3.042274467026769014e-03 -1.012737730134699171e-01 9.459694114331793635e-01 -3.080348990371701290e-01 -1.280413068857158554e-02 -3.003823956460614508e-01 2.661006859990794338e-01 9.159480592356099571e-01 -6.994015558258444287e-02 0.000000000000000000e+00 0.000000000000000000e+00 0.000000000000000000e+00 1.000000000000000000e+00 -1.907493149432919921e+00 -2.358974920536177855e+00 1.940637825147924558e-02 6.014500840621985756e-01 -5.718448319758288045e-01 -2.729016523658015503e-01
9.513897433815773352e-01 1.828290040248692905e-01 2.478530087948005167e-01 -1.037433316974989157e-03 -1.047394940624686854e-01 9.488430617976838510e-01 -2.978699145115220048e-01 -1.543295994541294021e-02 -2.896328676161439852e-01 2.574303826871850998e-01 9.218689744314599865e-01 -7.284589423684710574e-02 0.000000000000000000e+00 0.000000000000000000e+00 0.000000000000000000e+00 1.000000000000000000e+00 -1.876413368935241133e+00 -2.311625438044451641e+00 1.088873015086164360e-02 6.114691193914911782e-01 -5.809896533169481847e-01 -2.742005481369859665e-01
9.541783186371269876e-01 1.805339630187274003e-01 2.386445619509986737e-01 1.032682045163461990e-03 -1.080571630132201588e-01 9.515709040738367097e-01 -2.878132512029299428e-01 -1.813979635017569716e-02 -2.790472884922970964e-01 2.488379096850631411e-01 9.274763131614282008e-01 -7.573315575322972504e-02 0.000000000000000000e+00 0.000000000000000000e+00 0.000000000000000000e+00 1.000000000000000000e+00 -1.844728289764903995e+00 -2.263823548050930334e+00 2.615974668517642363e-03 6.210202675343222678e-01 -5.896996199847658326e-01 -2.753445114779572434e-01
9.567988589736201588e-01 1.784001199737678123e-01 2.295851545415310280e-01 3.165814592635157396e-03 -1.112313280836492169e-01 9.541561964026381570e-01 -2.778732589925951846e-01 -2.092221244008453385e-02 -2.686327206240061716e-01 2.403317554007017853e-01 9.327792422525815752e-01 -7.859867338521428493e-02 0.000000000000000000e+00 0.000000000000000000e+00 0.000000000000000000e+00 1.000000000000000000e+00 -1.812521867564290234e+00 -2.215662522919006339e+00 -5.405156614312903868e-03 6.301155194002779902e-01 -5.979821294409195520e-01 -2.763403546562535618e-01
9.592574596492213779e-01 1.764227269765896444e-01 2.206811048912594164e-01 5.359672910453160133e-03 -1.142666752062526242e-01 9.566024444203666821e-01 -2.680576315425058365e-01 -2.377772456011395877e-02 -2.583955427935450411e-01 2.319197864428733102e-01 9.377872691483806200e-01 -8.143944144808364094e-02 0.000000000000000000e+00 0.000000000000000000e+00 0.000000000000000000e+00 1.000000000000000000e+00 -1.779874230889758824e+00 -2.167231914272547133e+00 -1.316990276949761909e-02 6.387667638591866259e-01 -6.058448334743283814e-01 -2.771953962382812664e-01
9.615602843523053389e-01 1.745968604387228285e-01 2.119381004937208324e-01 7.611940610829141807e-03 -1.171679993851600377e-01 9.589133647440056807e-01 -2.583734166191596904e-01 -2.670380336351300260e-02 -2.483414644973173657e-01 2.236092526328054553e-01 9.425101724861070229e-01 -8.425271137697644408e-02 0.000000000000000000e+00 0.000000000000000000e+00 0.000000000000000000e+00 1.000000000000000000e+00 -1.746861685703276601e+00 -2.118617578812568958e+00 -2.067524902430283723e-02 6.469857680750794593e-01 -6.132955994017309509e-01 -2.779173078927557605e-01
9.637135327014806352e-01 1.729174601295902225e-01 2.033612092982783059e-01 9.920285359495704947e-03 -1.199401774557954797e-01 9.610928503590767669e-01 -2.488270291164263737e-01 -2.969788397689652332e-02 -2.384755422557178761e-01 2.154067956392891614e-01 9.469579369040036498e-01 -8.703598646133747785e-02 0.000000000000000000e+00 0.000000000000000000e+00 0.000000000000000000e+00 1.000000000000000000e+00 -1.713556731781371134e+00 -2.069901687734847950e+00 -2.791972376513694384e-02 6.547841611640955461e-01 -6.203424744269804281e-01 -2.785139818327538874e-01
9.657234102972054313e-01 1.713793653356927016e-01 1.949548935917398695e-01 1.228236744875053563e-02 -1.225881423240471058e-01 9.631449380016064987e-01 -2.394242664814872634e-01 -3.275737575146733110e-02 -2.288021978090339914e-01 2.073184608015994357e-01 9.511406921438269046e-01 -8.978701542727872409e-02 0.000000000000000000e+00 0.000000000000000000e+00 0.000000000000000000e+00 1.000000000000000000e+00 -1.680028090591684009e+00 -2.021162726350425043e+00 -3.490321489096095964e-02 6.621734207259724059e-01 -6.269936529566169092e-01 -2.789934167255395114e-01
9.675961012729175081e-01 1.699773481784887519e-01 1.867230262164859822e-01 1.469584786817150837e-02 -1.251168587492842432e-01 9.650737775970941179e-01 -2.301703262507831527e-01 -3.587967153837459677e-02 -2.193252380322325001e-01 1.993497117228889282e-01 9.550686564836218251e-01 -9.250378503136126584e-02 0.000000000000000000e+00 0.000000000000000000e+00 0.000000000000000000e+00 1.000000000000000000e+00 -1.646340744137205769e+00 -1.972475489252363490e+00 -4.162680361206848312e-02 6.691648618481442767e-01 -6.332574466737532770e-01 -2.793636201354857129e-01
9.693377432898193646e-01 1.687061441412270879e-01 1.786689088568715889e-01 1.715839583739937196e-02 -1.275313007213864092e-01 9.668836037929994243e-01 -2.210698254085463610e-01 -3.906215644092710104e-02 -2.100478763833811824e-01 1.915054472368596383e-01 9.587520845040443662e-01 -9.518451182065754135e-02 0.000000000000000000e+00 0.000000000000000000e+00 0.000000000000000000e+00 1.000000000000000000e+00 -1.612555984216527349e+00 -1.923911075289819417e+00 -4.809261400644002787e-02 6.757696282267451338e-01 -6.391422571787361839e-01 -2.796325257689815658e-01
9.709544049136972221e-01 1.675604798711280985e-01 1.707952921214599962e-01 1.966769577725971385e-02 -1.298364304669116509e-01 9.685787095974578431e-01 -2.121268212886141813e-01 -4.230221600946304505e-02 -2.009727556883021682e-01 1.837900203722243886e-01 9.622012191605205933e-01 -9.782763320478889135e-02 0.000000000000000000e+00 0.000000000000000000e+00 0.000000000000000000e+00 1.000000000000000000e+00 -1.578731471497639927e+00 -1.875536885682192123e+00 -5.430367683517003247e-02 6.819986850902846065e-01 -6.446565510129003140e-01 -2.798079239660223871e-01
9.724520653052085573e-01 1.665350983376683580e-01 1.631043971496298761e-01 2.222145370589458102e-02 -1.320371791042501408e-01 9.701634221156526516e-01 -2.033448337505739389e-01 -4.559724385622776488e-02 -1.921019720571876532e-01 1.762072589624142926e-01 9.654262481038015098e-01 -1.004317979760857016e-01 0.000000000000000000e+00 0.000000000000000000e+00 0.000000000000000000e+00 1.000000000000000000e+00 -1.544921303755155684e+00 -1.827416627812683991e+00 -6.026380628395879707e-02 6.878628136497111356e-01 -6.498088368906080881e-01 -2.798974040355271531e-01
9.738365961475899946e-01 1.656247814402239116e-01 1.555979384764554496e-01 2.481740305559228948e-02 -1.341384289525836271e-01 9.716420803564909114e-01 -1.947268683735920158e-01 -4.894464867772282957e-02 -1.834370997266752401e-01 1.687604875718511921e-01 9.684372641636966872e-01 -1.029958564042128544e-01 0.000000000000000000e+00 0.000000000000000000e+00 0.000000000000000000e+00 1.000000000000000000e+00 -1.511176092578164987e+00 -1.779610326565417733e+00 -6.597748844235207244e-02 6.933726068332155545e-01 -6.546076449743064574e-01 -2.799083071640766085e-01
9.751137457282414989e-01 1.648243701689404983e-01 1.482771478987290892e-01 2.745330991373696322e-02 -1.361449974851023925e-01 9.730190150658940551e-01 -1.862754404252256191e-01 -5.234186068075919601e-02 -1.749792166226367407e-01 1.614525504345614981e-01 9.712442298854461198e-01 -1.055188500216634601e-01 0.000000000000000000e+00 0.000000000000000000e+00 0.000000000000000000e+00 1.000000000000000000e+00 -1.477543047819757316e+00 -1.732174344498938590e+00 -7.144978045897584784e-02 6.985384660956758252e-01 -6.590615080372639323e-01 -2.798476887439698690e-01
9.762891250835308288e-01 1.641287824314297539e-01 1.411427990968723289e-01 3.012697769784229707e-02 -1.380616229035218079e-01 9.742985305290298159e-01 -1.779925993777847493e-01 -5.578633741596877166e-02 -1.667289304440627840e-01 1.542858351256556348e-01 9.738569459856559751e-01 -1.080000012065613080e-01 0.000000000000000000e+00 0.000000000000000000e+00 0.000000000000000000e+00 1.000000000000000000e+00 -1.444066069030599753e+00 -1.685161411668841813e+00 -7.668621942177600292e-02 7.033705991212727549e-01 -6.631789443687167163e-01 -2.797222890690488351e-01
9.773681961097434590e-01 1.635330286647840858e-01 1.341952327816218482e-01 3.283625128008173244e-02 -1.398929512987159285e-01 9.754848882720853487e-01 -1.698799537610861665e-01 -5.927556902889616341e-02 -1.586864050763349687e-01 1.472622967109424308e-01 9.762850235751989736e-01 -1.104387026593324772e-01 0.000000000000000000e+00 0.000000000000000000e+00 0.000000000000000000e+00 1.000000000000000000e+00 -1.410785843098594450e+00 -1.638620665512320107e+00 -8.169274010929138130e-02 7.078790182636788275e-01 -6.669684422861741346e-01 -2.795385114379880798e-01
9.783562615375881455e-01 1.630322253575327285e-01 1.274343821502024188e-01 3.557902058117329985e-02 -1.416435253513948500e-01 9.765822925845808467e-01 -1.619386961574076633e-01 -6.280708294409945158e-02 -1.508513871523189664e-01 1.403834821444264191e-01 9.785378599800594879e-01 -1.128345068601026152e-01 0.000000000000000000e+00 0.000000000000000000e+00 0.000000000000000000e+00 1.000000000000000000e+00 -1.377739947304887913e+00 -1.592597700877811606e+00 -8.647560084405836456e-02 7.120735395914958854e-01 -6.704384461294363717e-01 -2.793024067866605176e-01
9.792584566632017706e-01 1.626216066096237423e-01 1.208597984536908254e-01 3.835322365701396286e-02 -1.433177745172883322e-01 9.775948777756203745e-01 -1.541696281618198938e-01 -6.637844800202673257e-02 -1.432232325915757387e-01 1.336505547074047784e-01 9.806246179778072003e-01 -1.151871155842323913e-01 0.000000000000000000e+00 0.000000000000000000e+00 0.000000000000000000e+00 1.000000000000000000e+00 -1.344962957003444259e+00 -1.547134630014923795e+00 -9.104131675392318490e-02 7.159637824274279749e-01 -6.735973436203501752e-01 -2.790196640453833643e-01
9.800797427252556648e-01 1.622965338604298868e-01 1.144706764949783018e-01 4.115684930417586734e-02 -1.449200066332954895e-01 9.785266970717132473e-01 -1.465731851485685133e-01 -6.998727807189425443e-02 -1.358009329611141180e-01 1.270643183061318515e-01 9.825542082571359082e-01 -1.174963695442914902e-01 0.000000000000000000e+00 0.000000000000000000e+00 0.000000000000000000e+00 1.000000000000000000e+00 -1.312486557136790077e+00 -1.502270152125645852e+00 -9.539659981270873224e-02 7.195591692881714296e-01 -6.764534544813674000e-01 -2.786956054846375097e-01
9.808249018155767995e-01 1.620525039152693192e-01 1.082658798947582768e-01 4.398793921236240911e-02 -1.464544008745163328e-01 9.793817130597283205e-01 -1.391494607015604790e-01 -7.363123516645971034e-02 -1.285831415150806289e-01 1.206252414673696233e-01 9.843352749005775948e-01 -1.197622382180521111e-01 0.000000000000000000e+00 0.000000000000000000e+00 0.000000000000000000e+00 1.000000000000000000e+00 -1.280339656813975324e+00 -1.458039631910589717e+00 -9.954830508952390578e-02 7.228689261483214334e-01 -6.790150202145125435e-01 -2.783351863752897004e-01
9.814985332096463067e-01 1.618851554001446147e-01 1.022439659809626922e-01 4.684458969326016353e-02 -1.479250019869539634e-01 9.801637895759978125e-01 -1.318982305840554203e-01 -7.730803208654504766e-02 -1.215681987852392371e-01 1.143334808924445362e-01 9.859761836859286532e-01 -1.219848099138054059e-01 0.000000000000000000e+00 0.000000000000000000e+00 0.000000000000000000e+00 1.000000000000000000e+00 -1.248548506197648900e+00 -1.414475186417384567e+00 -1.035033826870721541e-01 7.259020829658746621e-01 -6.812901949503645804e-01 -2.779429983472548882e-01
9.821050510033750847e-01 1.617902737724817852e-01 9.640321017476083387e-02 4.972495301599355599e-02 -1.493357157168995475e-01 9.808766849414096711e-01 -1.248189761391917535e-01 -8.101543462449835309e-02 -1.147541576087159759e-01 1.081889044505647546e-01 9.874850129998787862e-01 -1.241642821165075128e-01 0.000000000000000000e+00 0.000000000000000000e+00 0.000000000000000000e+00 1.000000000000000000e+00 -1.217136814974669745e+00 -1.371605779406807502e+00 -1.072688348945038533e-01 7.286674744192925823e-01 -6.832870372840850193e-01 -2.775232758845578851e-01
9.826486829436162918e-01 1.617637950127397140e-01 9.074162976338540076e-02 5.262723837966849089e-02 -1.506903053554967398e-01 9.815240464423523603e-01 -1.179109070288310163e-01 -8.475126335657091892e-02 -1.081388074940031752e-01 1.021911135110277757e-01 9.888695471575943419e-01 -1.263009521509733946e-01 0.000000000000000000e+00 0.000000000000000000e+00 0.000000000000000000e+00 1.000000000000000000e+00 -1.186125871718037406e+00 -1.329457322390741325e+00 -1.108516781204720164e-01 7.311737408167264807e-01 -6.850135030223759580e-01 -2.770799054453701449e-01
9.831334703418563858e-01 1.618018081180046808e-01 8.525700696647545151e-02 5.554971255335086622e-02 -1.519923893156264472e-01 9.821094059584520863e-01 -1.111729832332564866e-01 -8.851339505449677680e-02 -1.017196982404087180e-01 9.633946453150418754e-02 9.901372719243103360e-01 -1.283952081915758214e-01 0.000000000000000000e+00 0.000000000000000000e+00 0.000000000000000000e+00 1.000000000000000000e+00 -1.155534663486224467e+00 -1.288052781460119256e+00 -1.142589092077646862e-01 7.334293291470322940e-01 -6.864774387715277815e-01 -2.766164367431723226e-01
9.835632689633391212e-01 1.619005565142252745e-01 7.994691121818034429e-02 5.849070021333166447e-02 -1.532454396579427947e-01 9.826361766400152353e-01 -1.046039362484161156e-01 -9.229976374646536863e-02 -9.549416273981486958e-02 9.063308983578151345e-02 9.912953720390867973e-01 -1.304475206416819966e-01 0.000000000000000000e+00 0.000000000000000000e+00 0.000000000000000000e+00 1.000000000000000000e+00 -1.125379995048308324e+00 -1.247412289006597952e+00 -1.174974757628063915e-01 7.354424942497663764e-01 -6.876865763024354594e-01 -2.761360957699802721e-01
