9.281318429196487862e-01 3.297698624044397842e-01 -1.726937173389154201e-01 0.000000000000000000e+00 -3.679028786691845854e-01 7.419025283379677704e-01 -5.605605322466594709e-01 0.000000000000000000e+00 -5.673406406651673728e-02 5.838085955991806353e-01 8.099066425699993355e-01 0.000000000000000000e+00 0.000000000000000000e+00 0.000000000000000000e+00 0.000000000000000000e+00 1.000000000000000000e+00 -4.281282816887989062e-01 1.260826333460949300e-01 -4.294292166534292576e-01 3.141390700375412681e-01 3.720231703488471320e-01 2.289452648874609197e-01
9.275363668178396859e-01 3.321178048102674807e-01 -1.713885992610980069e-01 1.881353439852156105e-03 -3.691459145399552111e-01 7.425109317231995965e-01 -5.589354258116153717e-01 1.918178586578154739e-04 -5.837449813530930232e-02 5.817003353570520119e-01 8.113058227284861701e-01 1.753911289100757798e-03 0.000000000000000000e+00 0.000000000000000000e+00 0.000000000000000000e+00 1.000000000000000000e+00 -5.530519327265139840e-01 8.655699613607967247e-02 -4.008604038681894965e-01 3.154849504913842528e-01 3.428926333209505461e-01 1.673989266267263132e-01
9.269537599220645241e-01 3.344250120291694661e-01 -1.700489291110034995e-01 3.776354283584354779e-03 -3.703842870030258361e-01 7.435123601781861158e-01 -5.567807921859885267e-01 4.400063960069700562e-04 -5.976794250511209550e-02 5.790935001318313624e-01 8.130673474588636651e-01 3.176939388742326242e-03 0.000000000000000000e+00 0.000000000000000000e+00 0.000000000000000000e+00 1.000000000000000000e+00 -6.746584643763622324e-01 5.004049514414182775e-02 -3.683941489068980335e-01 3.170707152096302606e-01 3.139505281156730332e-01 1.101717754097392699e-01
9.263887614214364463e-01 3.366808479033844836e-01 -1.686708906764720350e-01 5.680251953948876366e-03 -3.716075206505089490e-01 7.448832718292206501e-01 -5.541270273369450772e-01 7.292128416433148533e-04 -6.092383251051187998e-02 5.760164220135843838e-01 8.151646267423611203e-01 4.291519993497320586e-03 0.000000000000000000e+00 0.000000000000000000e+00 0.000000000000000000e+00 1.000000000000000000e+00 -7.846111958482644422e-01 1.633208467152980764e-02 -3.386424759636819104e-01 3.188510486480379824e-01 2.852751726674283561e-01 5.958558805901472549e-02
9.258406099669015399e-01 3.388862926159162958e-01 -1.672580210522073008e-01 7.587665019164026650e-03 -3.728169503419062059e-01 7.465836242844048343e-01 -5.510176168509204331e-01 1.041877944228421877e-03 -6.186021780199035119e-02 5.725111118156593903e-01 8.175599922352851934e-01 5.123537467631032911e-03 0.000000000000000000e+00 0.000000000000000000e+00 0.000000000000000000e+00 1.000000000000000000e+00 -8.838697388077222383e-01 -1.469554011784684339e-02 -3.113099895029082242e-01 3.207820744100862709e-01 2.569300088444989583e-01 1.486147464461330669e-02
9.253087542576307056e-01 3.410419773168162916e-01 -1.658133860522235381e-01 9.493865284737706273e-03 -3.740129876126103148e-01 7.485762956393792189e-01 -5.474922971027162966e-01 1.362471462227467971e-03 -6.259388527884122977e-02 5.686157753007752280e-01 8.202183284344828351e-01 5.696228678071455984e-03 0.000000000000000000e+00 0.000000000000000000e+00 0.000000000000000000e+00 1.000000000000000000e+00 -9.733184881962639867e-01 -4.318092087571617083e-02 -2.861394362423237414e-01 3.228272214683758357e-01 2.289615071671712021e-01 -2.468840531787996895e-02
9.247928008587643633e-01 3.431482813833601209e-01 -1.643396861827952637e-01 1.139470179002085096e-02 -3.751953655054993675e-01 7.508269707324009001e-01 -5.435874340717521402e-01 1.677285387436543065e-03 -6.314042504124438293e-02 5.643652342912085507e-01 8.231070220931019366e-01 6.030503100423563988e-03 0.000000000000000000e+00 0.000000000000000000e+00 0.000000000000000000e+00 1.000000000000000000e+00 -1.053771471329419507e+00 -6.926893974827184886e-02 -2.629062896093869450e-01 3.249559959724156455e-01 2.014030036823877268e-01 -5.967128438924776401e-02
9.242924725132826147e-01 3.452054088861528092e-01 -1.628393408287300836e-01 1.328653359964028155e-02 -3.763633338230198411e-01 7.533040108908759525e-01 -5.393363597475256954e-01 1.974245406509097123e-03 -6.351430002023578103e-02 5.597912946596457218e-01 8.261958853362632027e-01 6.145221081893755856e-03 0.000000000000000000e+00 0.000000000000000000e+00 0.000000000000000000e+00 1.000000000000000000e+00 -1.125977140423842338e+00 -9.310696791978743947e-02 -2.414141353263441481e-01 3.271429456101159206e-01 1.742777274921430697e-01 -9.062307934326076231e-02
9.238075751089066534e-01 3.472134483458108045e-01 -1.613145543624243394e-01 1.516617043224851615e-02 -3.775158135070540988e-01 7.559783135539152044e-01 -5.347696708421818546e-01 2.242739779380669915e-03 -6.372891672657435280e-02 5.549230680840920860e-01 8.294570601061108661e-01 6.057436073703789843e-03 0.000000000000000000e+00 0.000000000000000000e+00 0.000000000000000000e+00 1.000000000000000000e+00 -1.190623038234019493e+00 -1.148418797819034942e-01 -2.214907382919799606e-01 3.293667923329776093e-01 1.476011815284468398e-01 -1.180166495839953394e-01
9.233379717475268533e-01 3.491724190709481479e-01 -1.597673673776076331e-01 1.703082025516780562e-02 -3.786515174943158035e-01 7.588231666771665385e-01 -5.299154941272016250e-01 2.473464628846176825e-03 -6.379669534154275290e-02 5.497872536499825991e-01 8.328649099974977377e-01 5.782605783186047822e-03 0.000000000000000000e+00 0.000000000000000000e+00 0.000000000000000000e+00 1.000000000000000000e+00 -1.248340287404148041e+00 -1.346177800323078433e-01 -2.029846888179072384e-01 3.316097101872711450e-01 1.213830078152546010e-01 -1.422691282535668567e-01
9.228835626135080128e-01 3.510823067316010127e-01 -1.581996957863726072e-01 1.887804305694419302e-02 -3.797690442178693337e-01 7.618141016459134551e-01 -5.247997222947355933e-01 2.658284529065222529e-03 -6.372913794621211381e-02 5.444083846360863177e-01 8.363959042600300764e-01 5.334776469105175986e-03 0.000000000000000000e+00 0.000000000000000000e+00 0.000000000000000000e+00 1.000000000000000000e+00 -1.299707870474844373e+00 -1.525743142844568079e-01 -1.857625415017209736e-01 3.338567267868129407e-01 9.562844288244841395e-02 -1.637484234173330055e-01
9.224442695512259371e-01 3.529430903110573059e-01 -1.566133601023845523e-01 2.070571008897270984e-02 -3.808669489133439390e-01 7.649287474842078050e-01 -5.194462238338036775e-01 2.790107232545661117e-03 -6.353689410297097551e-02 5.388090451389364599e-01 8.400284976932935743e-01 4.726743990610121106e-03 0.000000000000000000e+00 0.000000000000000000e+00 0.000000000000000000e+00 1.000000000000000000e+00 -1.345256680108255942e+00 -1.688454540319672681e-01 -1.697063729831457535e-01 3.360952291695909477e-01 7.033944820289494970e-02 -1.827789780307433887e-01
9.220200244448560900e-01 3.547547621679436602e-01 -1.550101068653138014e-01 2.251196794126706160e-02 -3.819437970236139179e-01 7.681466884054173327e-01 -5.138770300212316400e-01 2.862771369517442318e-03 -6.322982330407281304e-02 5.330100605774760192e-01 8.437430093101301321e-01 3.970194702066423033e-03 0.000000000000000000e+00 0.000000000000000000e+00 0.000000000000000000e+00 1.000000000000000000e+00 -1.385473328740027377e+00 -1.835586643325510248e-01 -1.547116958702787481e-01 3.383145571132929463e-01 4.551558366647365239e-02 -1.996468691344688295e-01
9.216107606484431614e-01 3.565173426092038689e-01 -1.533916238397479148e-01 2.429520688565554171e-02 -3.829982032606292219e-01 7.714493261651251821e-01 -5.081125017648167042e-01 2.870945978332732716e-03 -6.281705401683677914e-02 5.270306655750527369e-01 8.475215019540272010e-01 3.075828847418715130e-03 0.000000000000000000e+00 0.000000000000000000e+00 0.000000000000000000e+00 1.000000000000000000e+00 -1.420803714134739160e+00 -1.968343776395735656e-01 -1.406856755256287450e-01 3.405056692671392660e-01 2.115467847534759083e-02 -2.146043189540081941e-01
9.212164068452016741e-01 3.582308901072692175e-01 -1.517595503431027337e-01 2.605403298204774301e-02 -3.840288592612008944e-01 7.748197482198667663e-01 -5.021714787058000340e-01 2.810040771161250502e-03 -6.230703920672001073e-02 5.208886522367138783e-01 8.513476645024511402e-01 2.053468735822879757e-03 0.000000000000000000e+00 0.000000000000000000e+00 0.000000000000000000e+00 1.000000000000000000e+00 -1.451656342705681890e+00 -2.087857100917787367e-01 -1.275456044069049888e-01 3.426608695876499078e-01 -2.746657148923442593e-03 -2.278736833354708669e-01
9.208368828251397575e-01 3.598955080785599114e-01 -1.501154838176625150e-01 2.778724350001714888e-02 -3.850345522496969042e-01 7.782426023395497827e-01 -4.960714126905254595e-01 2.676126098556540558e-03 -6.170760832481590047e-02 5.146005014212183815e-01 8.552066978443235712e-01 9.121536643397828038e-04 0.000000000000000000e+00 0.000000000000000000e+00 0.000000000000000000e+00 1.000000000000000000e+00 -1.478405416360851099e+00 -2.195183675368472809e-01 -1.152175954705572103e-01 3.447735834922031617e-01 -2.619264490377718954e-02 -2.396509762493849727e-01
9.204720967624441252e-01 3.615113489653624113e-01 -1.484609835578618586e-01 2.949380525901297914e-02 -3.860141766810958330e-01 7.817039780471507493e-01 -4.898284874566274372e-01 2.465861643977307859e-03 -6.102601581810914583e-02 5.081814992437897471e-01 8.590852054667865723e-01 -3.397767154474638264e-04 0.000000000000000000e+00 0.000000000000000000e+00 0.000000000000000000e+00 1.000000000000000000e+00 -1.501393691378679618e+00 -2.291306978566975960e-01 -1.036354619419783962e-01 3.468381748468091219e-01 -4.918804855322359004e-02 -2.501089829413754573e-01
9.201219436512562133e-01 3.630786162210639656e-01 -1.467975723312681113e-01 3.117283553637161669e-02 -3.869667404705004476e-01 7.851912950498945998e-01 -4.834577261455315078e-01 2.176432950977596863e-03 -6.026898626841921403e-02 5.016458407315997903e-01 8.629710892072990358e-01 -1.694609119405243421e-03 0.000000000000000000e+00 0.000000000000000000e+00 0.000000000000000000e+00 1.000000000000000000e+00 -1.520935119659646784e+00 -2.377138540046382365e-01 -9.273975568468403874e-02 3.488497963838349536e-01 -7.173795954458551949e-02 -2.594000086917231385e-01
9.197863046228023087e-01 3.645975646832846917e-01 -1.451267364865760634e-01 3.282358523331461303e-02 -3.878913671093134896e-01 7.886931986682674811e-01 -4.769730880481439228e-01 1.805494958541082814e-03 -5.944275629628874985e-02 4.950067222836117553e-01 8.668534505081739727e-01 -3.145192169969108012e-03 0.000000000000000000e+00 0.000000000000000000e+00 0.000000000000000000e+00 1.000000000000000000e+00 -1.537317283851649785e+00 -2.453520387569550765e-01 -8.247694058965812647e-02 3.508042674137251682e-01 -9.384764091178221523e-02 -2.676583050449972689e-01
9.194650469203068388e-01 3.660684997255218565e-01 -1.434499250206785759e-01 3.444542402568925160e-02 -3.887872947144795366e-01 7.921994621521454283e-01 -4.703875558117091571e-01 1.351121791787173202e-03 -5.855311338416337857e-02 4.882764243543334381e-01 8.707224973405472968e-01 -4.684879648888538688e-03 0.000000000000000000e+00 0.000000000000000000e+00 0.000000000000000000e+00 1.000000000000000000e+00 -1.550803638473491342e+00 -2.521228077023036640e-01 -7.279868096487263074e-02 3.526979737706138485e-01 -1.155224159218806584e-01 -2.750022107594093934e-01
9.191580243524193339e-01 3.674917755014190934e-01 -1.417685479762231249e-01 3.603782725872409914e-02 -3.896538728474041036e-01 7.957008956884147333e-01 -4.637132141801968421e-01 8.117621245335713328e-04 -5.760543178272355125e-02 4.814663855822615690e-01 8.745694568341039199e-01 -6.307480504209381569e-03 0.000000000000000000e+00 0.000000000000000000e+00 0.000000000000000000e+00 1.000000000000000000e+00 -1.561635569393009293e+00 -2.580974115981536365e-01 -6.366122792734232871e-02 3.545277858364079826e-01 -1.367675908223988102e-01 -2.815360405723394410e-01
9.188650780824787478e-01 3.688677925334161167e-01 -1.400839744580353041e-01 3.760036437391982289e-02 -3.904905577664072869e-01 7.991892618447788976e-01 -4.569613212055772533e-01 1.861994959750802982e-04 -5.660470566780585744e-02 4.745872694138419945e-01 8.783864935499977600e-01 -8.007214776093977623e-03 0.000000000000000000e+00 0.000000000000000000e+00 0.000000000000000000e+00 1.000000000000000000e+00 -1.570034283957332910e+00 -2.633411630515012369e-01 -5.502488936595155422e-02 3.562909912431780346e-01 -1.575884033544415475e-01 -2.873517511504281585e-01
9.185860376410642791e-01 3.701969948466884985e-01 -1.383975304887437030e-01 3.913268868174050313e-02 -3.912969066348883640e-01 8.026571971544561590e-01 -4.501423727504335615e-01 -5.264829745767733325e-04 -5.555557971487938562e-02 4.676490241286115346e-01 8.821666332610036410e-01 -9.778674712962355173e-03 0.000000000000000000e+00 0.000000000000000000e+00 0.000000000000000000e+00 1.000000000000000000e+00 -1.576202543803125744e+00 -2.679138156500463497e-01 -4.685357122097490168e-02 3.579852394803624827e-01 -1.779899905287813944e-01 -2.925304102556871566e-01
9.183207220739822985e-01 3.714798668078253541e-01 -1.367104968685562971e-01 4.063452831635399470e-02 -3.920725710916784235e-01 8.060981395217262646e-01 -4.432661610012236242e-01 -1.326933973680892182e-03 -5.446237725486357401e-02 4.606609370472903309e-01 8.859036920498846168e-01 -1.161679044176985864e-02 0.000000000000000000e+00 0.000000000000000000e+00 0.000000000000000000e+00 1.000000000000000000e+00 -1.580326251957124173e+00 -2.718699462827034452e-01 -3.911437967397766308e-02 3.596084961505726096e-01 -1.979773706133598488e-01 -2.971434921794932627e-01
9.180689411580132964e-01 3.727169297938989767e-01 -1.350241071593960007e-01 4.210567822860727255e-02 -3.928172904960186562e-01 8.095062611152591403e-01 -4.363418276240481619e-01 -2.215561926537088378e-03 -5.332912617013293999e-02 4.536316835988705720e-01 8.895922105000600988e-01 -1.351679963616122214e-02 0.000000000000000000e+00 0.000000000000000000e+00 0.000000000000000000e+00 1.000000000000000000e+00 -1.582575905320170229e+00 -2.752593335328680224e-01 -3.177727540928296235e-02 3.611590050428562515e-01 -2.175554354278300961e-01 -3.012540198413912185e-01
9.178304966331323200e-01 3.739087387900619786e-01 -1.333395458777548725e-01 4.354599309100314758e-02 -3.935308850835611549e-01 8.128764064120355126e-01 -4.293779121191365622e-01 -3.192559874373295317e-03 -5.215958268351082727e-02 4.465693718325152717e-01 8.932273927285047099e-01 -1.547422069556241529e-02 0.000000000000000000e+00 0.000000000000000000e+00 0.000000000000000000e+00 1.000000000000000000e+00 -1.583107923048251875e+00 -2.781273267797606530e-01 -2.481477243773848665e-02 3.626352565402263251e-01 -2.367289499451706580e-01 -3.049175715881891069e-01
9.176051834131636609e-01 3.750558789914306135e-01 -1.316579469521735879e-01 4.495538100393006720e-02 -3.942132492086571904e-01 8.162040350572169478e-01 -4.223823958647874299e-01 -4.257927650434870787e-03 -5.095725318636513956e-02 4.394815828830304638e-01 8.968050499966274680e-01 -1.748482900851029698e-02 0.000000000000000000e+00 0.000000000000000000e+00 0.000000000000000000e+00 1.000000000000000000e+00 -1.582065860729843676e+00 -2.805152020667094348e-01 -1.820167510109939671e-02 3.640359611621090119e-01 -2.555025569114438011e-01 -3.081831686316536811e-01
9.173927907474621612e-01 3.761589624668581489e-01 -1.299803924789153520e-01 4.633379790602404347e-02 -3.948643447993764877e-01 8.194851692127813614e-01 -4.153627422847541162e-01 -5.411491668885840857e-03 -4.972541424489618223e-02 4.323754078328213013e-01 9.003215486284341651e-01 -1.954463592596072247e-02 0.000000000000000000e+00 0.000000000000000000e+00 0.000000000000000000e+00 1.000000000000000000e+00 -1.579581519631041431e+00 -2.824605019450331378e-01 -1.191484783158586885e-02 3.653600272732373533e-01 -2.738807847520444150e-01 -3.110940572030531093e-01
9.171931033146872858e-01 3.772186249275098491e-01 -1.283079117920948309e-01 4.768124260352389621e-02 -3.954841951130055877e-01 8.227163450787198240e-01 -4.083259335238096366e-01 -6.652922605182414947e-03 -4.846713091656072031e-02 4.252574813568935630e-01 9.037737619647491227e-01 -2.164987011604594530e-02 0.000000000000000000e+00 0.000000000000000000e+00 0.000000000000000000e+00 1.000000000000000000e+00 -1.575775959654070579e+00 -2.839973574244906152e-01 -5.933013052088212218e-03 3.666065421778064159e-01 -2.918680574679855533e-01 -3.136883978548660745e-01
9.170059022364216439e-01 3.782355226313086627e-01 -1.266414808513267876e-01 4.899775234400859103e-02 -3.960728788493800279e-01 8.258945682839956559e-01 -4.012785039733797743e-01 -7.981751214384269488e-03 -4.718527350144811894e-02 4.181340124891720356e-01 9.071590260862163468e-01 -2.379696101169425163e-02 0.000000000000000000e+00 0.000000000000000000e+00 0.000000000000000000e+00 1.000000000000000000e+00 -1.570760424041856673e+00 -2.851567908951166963e-01 -2.365732901813341615e-04 3.677747559692924328e-01 -3.094687055642519335e-01 -3.159998728813563362e-01
9.168309660036099151e-01 3.792103294448146422e-01 -1.249820219401036603e-01 5.028339886914845458e-02 -3.966305246557870756e-01 8.290172728594626950e-01 -3.942265709517815409e-01 -9.397382505147124782e-03 -4.588253284640574081e-02 4.110108128069504541e-01 9.104750990450415360e-01 -2.598252409746399857e-02 0.000000000000000000e+00 0.000000000000000000e+00 0.000000000000000000e+00 1.000000000000000000e+00 -1.564637183269309784e+00 -2.859669994635415380e-01 5.192545837666383973e-03 3.688640676287792686e-01 -3.266869773142656586e-01 -3.180582215396730583e-01
9.166680713128142477e-01 3.801437340765187467e-01 -1.233304036609527699e-01 5.153828488921247120e-02 -3.971573060390657384e-01 8.320822835208566692e-01 -3.871758628109572831e-01 -1.089910846150869694e-02 -4.456143431286139350e-02 4.038933222946246016e-01 9.137201233550449331e-01 -2.820334781254890330e-02 0.000000000000000000e+00 0.000000000000000000e+00 0.000000000000000000e+00 1.000000000000000000e+00 -1.557500304996042306e+00 -2.864536185972082483e-01 1.037103462062862434e-02 3.698740129633624751e-01 -3.435270498662024719e-01 -3.198897116129496010e-01
9.165169938123279847e-01 3.810364374895249262e-01 -1.216874412084239243e-01 5.276254092918569033e-02 -3.976534366868718084e-01 8.350877810063184192e-01 -3.801317447129804461e-01 -1.248611948176380458e-02 -4.322435051264753719e-02 3.967866331171109873e-01 9.168925915008381278e-01 -3.045638187375391756e-02 0.000000000000000000e+00 0.000000000000000000e+00 0.000000000000000000e+00 1.000000000000000000e+00 -1.549436356418741667e+00 -2.866399663153900157e-01 1.531432265610431151e-02 3.708042540556829025e-01 -3.599930398511263507e-01 -3.215175548496905233e-01
9.163775087604418834e-01 3.818891504968792150e-01 -1.200538968976725407e-01 5.395632250258409340e-02 -3.981191661899990408e-01 8.380322702292937187e-01 -3.730992422944588438e-01 -1.415751468345934766e-02 -4.187351290971793455e-02 3.896955115067754494e-01 9.199913142392224241e-01 -3.273872684581041748e-02 0.000000000000000000e+00 0.000000000000000000e+00 0.000000000000000000e+00 1.000000000000000000e+00 -1.540525044856175141e+00 -2.865472684259000036e-01 2.003668873361256347e-02 3.716545699595509289e-01 -3.760890132699072907e-01 -3.229622729244443491e-01
9.162493915997736993e-01 3.827025915391482069e-01 -1.184304809244640100e-01 5.511980757451441504e-02 -3.985547761504287245e-01 8.409145510238031918e-01 -3.660830634147883011e-01 -1.591231120557703299e-02 -4.051102237947562523e-02 3.826244179446618987e-01 9.230153914787864178e-01 -3.504762480711685890e-02 0.000000000000000000e+00 0.000000000000000000e+00 0.000000000000000000e+00 1.000000000000000000e+00 -1.530839801926569432e+00 -2.861948654969980188e-01 2.455135897110622203e-02 3.724248484279521487e-01 -3.918189945237670613e-01 -3.242420197798562831e-01
9.161324184526801195e-01 3.834774846410545779e-01 -1.168178523315305251e-01 5.625319428030708252e-02 -3.989605766548293686e-01 8.437336912747742668e-01 -3.590876181646023291e-01 -1.774945262307858415e-02 -3.913885881150834523e-02 3.755775257967920999e-01 9.259641855367983787e-01 -3.738045097721797577e-02 0.000000000000000000e+00 0.000000000000000000e+00 0.000000000000000000e+00 1.000000000000000000e+00 -1.520448316235796682e+00 -2.856004023886297150e-01 2.887059471831783866e-02 3.731150785009194615e-01 -4.071869745184990563e-01 -3.253728655176340578e-01
9.160263665434752456e-01 3.842145575418850489e-01 -1.152166201561153486e-01 5.735669887023449320e-02 -3.993369030900573713e-01 8.464890022412313586e-01 -3.521170372933740689e-01 -1.966781657494977992e-02 -3.775888983585674180e-02 3.685587385488578449e-01 9.288372965855742347e-01 -3.973470618838495505e-02 0.000000000000000000e+00 0.000000000000000000e+00 0.000000000000000000e+00 1.000000000000000000e+00 -1.509413019084774987e+00 -2.847800012568964534e-01 3.300577152394413433e-02 3.737253438137955186e-01 -4.221969178200180028e-01 -3.263690463950230658e-01
9.159310145535709546e-01 3.849145399928621258e-01 -1.136273447340413745e-01 5.843055385448674838e-02 -3.996841132754239689e-01 8.491800158945516097e-01 -3.451751891996586163e-01 -2.166622169449840263e-02 -3.637287874752243022e-02 3.615717057673706325e-01 9.316345401133560022e-01 -4.210801009780042875e-02 0.000000000000000000e+00 0.000000000000000000e+00 0.000000000000000000e+00 1.000000000000000000e+00 -1.497791527324685568e+00 -2.837484189997406259e-01 3.696745027845203119e-02 3.742558165128978542e-01 -4.368527688729367253e-01 -3.272431849445596730e-01
9.158461429158043510e-01 3.855781622136059683e-01 -1.120505391365794468e-01 5.947500632577765872e-02 -4.000025848857672872e-01 8.518064641076449339e-01 -3.382656956136657067e-01 -2.374343391975713979e-02 -3.498249169875554399e-02 3.546198379019549485e-01 9.343559262372038710e-01 -4.449809504932007026e-02 0.000000000000000000e+00 0.000000000000000000e+00 0.000000000000000000e+00 1.000000000000000000e+00 -1.485637047137686961e+00 -2.825191901378107384e-01 4.076544148704479981e-02 3.747067516868359260e-01 -4.511584573174997614e-01 -3.280064837597020388e-01
9.157715340541797699e-01 3.862061534991156897e-01 -1.104866707176370838e-01 6.049031643975150141e-02 -4.002927131394429239e-01 8.543682595437792626e-01 -3.313919460895097813e-01 -2.589817225225181374e-02 -3.358930422374286490e-02 3.477063200317017655e-01 9.370016407173835660e-01 -4.690280050478037865e-02 0.000000000000000000e+00 0.000000000000000000e+00 0.000000000000000000e+00 1.000000000000000000e+00 -1.472998742197279665e+00 -2.811047561285716645e-01 4.440886349362280217e-02 3.750784822387553952e-01 -4.651179024559191078e-01 -3.286688960699570838e-01
9.157069725750831557e-01 3.867992409682934341e-01 -1.089361627502379998e-01 6.147675603580567832e-02 -4.005549087260097396e-01 8.568654781058260284e-01 -3.245571114134176427e-01 -2.812911402397048552e-02 -3.219480715564417700e-02 3.408341246481146336e-01 9.395720275341477024e-01 -4.932006797452680169e-02 0.000000000000000000e+00 0.000000000000000000e+00 0.000000000000000000e+00 1.000000000000000000e+00 -1.459922069364716135e+00 -2.795165820990402894e-01 4.790619536282138269e-02 3.753714141384444369e-01 -4.787350169288958623e-01 -3.292392758597031399e-01
9.156522454157548507e-01 3.873581484448614387e-01 -1.073993961328351399e-01 6.243460738308025115e-02 -4.007895959494701121e-01 8.592983428179575833e-01 -3.177641560242254748e-01 -3.043489972497675708e-02 -3.080041199149253367e-02 3.340060235579903059e-01 9.420675728986160902e-01 -5.174793638540227392e-02 0.000000000000000000e+00 0.000000000000000000e+00 0.000000000000000000e+00 1.000000000000000000e+00 -1.446449084804252383e+00 -2.777652619572068549e-01 5.126532503036541899e-02 3.755860220042047115e-01 -4.920137096683974698e-01 -3.297255099592086292e-01
9.156071419554721036e-01 3.878835954615264536e-01 -1.058767111476322798e-01 6.336416203823037885e-02 -4.009972110642955889e-01 8.616672090222985414e-01 -3.110158495335363371e-01 -3.281413743763144514e-02 -2.940745575627898289e-02 3.272245989814188127e-01 9.444888905796346990e-01 -5.418453783199814189e-02 0.000000000000000000e+00 0.000000000000000000e+00 0.000000000000000000e+00 1.000000000000000000e+00 -1.432618723148941564e+00 -2.758606128076193653e-01 5.449359324947263689e-02 3.757228449732042952e-01 -5.049578881947704989e-01 -3.301346342491917607e-01
9.155714540945104618e-01 3.883762963783899402e-01 -1.043684092547328551e-01 6.426571980322634547e-02 -4.011782007830212438e-01 8.639725507827422657e-01 -3.043147774248207149e-01 -3.526540691771420238e-02 -2.801720541357893487e-02 3.204922539128289838e-01 9.468367084380223675e-01 -5.662809366364583707e-02 0.000000000000000000e+00 0.000000000000000000e+00 0.000000000000000000e+00 1.000000000000000000e+00 -1.418467052118485894e+00 -2.738117595554738770e-01 5.759783379068459525e-02 3.757824828261275285e-01 -5.175714603259164992e-01 -3.304729358670975836e-01
9.155449763055518719e-01 3.888369596068489420e-01 -1.028747549075531426e-01 6.513958777284756252e-02 -4.013330209358434431e-01 8.662149483971272046e-01 -2.976633510034313868e-01 -3.778726335777472800e-02 -2.663086186634033847e-02 3.138112218065253201e-01 9.491118560685087857e-01 -5.907691086552149112e-02 0.000000000000000000e+00 0.000000000000000000e+00 0.000000000000000000e+00 1.000000000000000000e+00 -1.404027504779852054e+00 -2.716272105380549418e-01 6.058441029245739684e-02 3.757655923376629348e-01 -5.298583353642490890e-01 -3.307460430800571727e-01
9.155275056617949714e-01 3.892662869305566486e-01 -1.013959773765034794e-01 6.598607946277798564e-02 -4.014621352643460428e-01 8.683950769272551495e-01 -2.910638166628817802e-01 -4.037824086370747634e-02 -2.524956358793698993e-02 3.071835756423684227e-01 9.513152534579322195e-01 -6.152937869743842214e-02 0.000000000000000000e+00 0.000000000000000000e+00 0.000000000000000000e+00 1.000000000000000000e+00 -1.389331091448421818e+00 -2.693149249742312068e-01 6.345925010853935289e-02 3.756728838289997152e-01 -5.418224248240129937e-01 -3.309590042926893183e-01
9.155188418456117194e-01 3.896649729153872643e-01 -9.993227256943632009e-02 6.680551401029340142e-02 -4.015660143331576948e-01 8.705136956638671597e-01 -2.845182645267350097e-01 -4.303685567175827287e-02 -2.387438992028740464e-02 3.006112364220532296e-01 9.534479005759267656e-01 -6.398396555849371337e-02 0.000000000000000000e+00 0.000000000000000000e+00 0.000000000000000000e+00 1.000000000000000000e+00 -1.374406593051015868e+00 -2.668823729733032502e-01 6.622787545427682998e-02 3.755051179022603769e-01 -5.534676427576948887e-01 -3.311163574843752899e-01
9.155187871411987199e-01 3.900337044007641807e-01 -9.848380483877121339e-02 6.759821544047653341e-02 -4.016451345449753574e-01 8.725716384507099521e-01 -2.780286365200005938e-01 -4.576160912986932533e-02 -2.250636407274386047e-02 2.940959811417711012e-01 9.555108678214082607e-01 -6.643921604978517137e-02 0.000000000000000000e+00 0.000000000000000000e+00 0.000000000000000000e+00 1.000000000000000000e+00 -1.359280737610864431e+00 -2.643365887948863624e-01 6.889543211639684306e-02 3.752631023398528831e-01 -5.647979057359910904e-01 -3.312221912176226413e-01
9.155271464142867854e-01 3.903731600651421663e-01 -9.705070876652545364e-02 6.836451199172090265e-02 -4.016999772459511342e-01 8.745698047982642942e-01 -2.715967339189871987e-01 -4.855099046439124988e-02 -2.114645585256019755e-02 2.876394502828378275e-01 9.575052872546947480e-01 -6.889374821098649682e-02 0.000000000000000000e+00 0.000000000000000000e+00 0.000000000000000000e+00 1.000000000000000000e+00 -1.343978361367273111e+00 -2.616842180025059639e-01 7.146671595856970982e-02 3.749476891542242174e-01 -5.758171325313415911e-01 -3.312801982242004617e-01
9.155437270816144668e-01 3.906840100588794829e-01 -9.563309091970145781e-02 6.910473549500477375e-02 -4.017310279099118309e-01 8.765091517236119900e-01 -2.652242244240587965e-01 -5.140347935068441398e-02 -1.979558415504357322e-02 2.812431548580797136e-01 9.594323445510999360e-01 -7.134625090971538630e-02 0.000000000000000000e+00 0.000000000000000000e+00 0.000000000000000000e+00 1.000000000000000000e+00 -1.328522555908201452e+00 -2.589315591058070631e-01 7.394619742734814816e-02 3.745597717755466127e-01 -5.865292435505679025e-01 -3.312937224567328864e-01
9.155683390725312121e-01 3.909669156981794291e-01 -9.423103156960641047e-02 6.981922080204519543e-02 -4.017387753912545767e-01 8.783906862583192865e-01 -2.589126487956483480e-01 -5.431754830395085082e-02 -1.845461923897653150e-02 2.749084830483459196e-01 9.612932716173508974e-01 -7.379548136540099723e-02 0.000000000000000000e+00 0.000000000000000000e+00 0.000000000000000000e+00 1.000000000000000000e+00 -1.312934802571169346e+00 -2.560846002401800936e-01 7.633804423923228055e-02 3.741002823665592891e-01 -5.969381600577655655e-01 -3.312658003884895175e-01
9.156007947847872863e-01 3.912225292142193500e-01 -9.284458636970682743e-02 7.050830525799149651e-02 -4.017237112376295105e-01 8.802154585711565726e-01 -2.526634270901588764e-01 -5.729166490474120466e-02 -1.712438481055392550e-02 2.686367064604202048e-01 9.630893398172322151e-01 -7.624026279179535459e-02 0.000000000000000000e+00 0.000000000000000000e+00 0.000000000000000000e+00 1.000000000000000000e+00 -1.297235095255840243e+00 -2.531490513885092941e-01 7.864614240904382880e-02 3.735701892551905878e-01 -6.070478032243954436e-01 -3.311991972515486715e-01
9.156409090362794823e-01 3.914514935520123085e-01 -9.147378798755366469e-02 7.117232821479736737e-02 -4.016863290546809906e-01 8.819845556569884115e-01 -2.464778645289923131e-01 -6.032429387193276316e-02 -1.580565993690625365e-02 2.624289860348019698e-01 9.648218537574807518e-01 -7.867948214441708443e-02 0.000000000000000000e+00 0.000000000000000000e+00 0.000000000000000000e+00 1.000000000000000000e+00 -1.281442052689393707e+00 -2.501303726078677458e-01 8.087411576201837538e-02 3.729704944767545660e-01 -6.168620930395354307e-01 -3.310964388218617382e-01
9.156884990142636349e-01 3.916544422139593418e-01 -9.011864768715559249e-02 7.181163058183022418e-02 -4.016271239161713913e-01 8.836990955472884268e-01 -2.403571570308606353e-01 -6.341389899454266676e-02 -1.449918080826858441e-02 2.562863776292874651e-01 9.664921455891809510e-01 -8.111208796109775632e-02 0.000000000000000000e+00 0.000000000000000000e+00 0.000000000000000000e+00 1.000000000000000000e+00 -1.265573021092549544e+00 -2.470337986844479694e-01 8.302534405662972961e-02 3.723022314184976089e-01 -6.263849471095305210e-01 -3.309598392877267647e-01
9.157433842233076993e-01 3.918319991434439653e-01 -8.877915685893399134e-02 7.242655441064309307e-02 -4.015465918137590684e-01 8.853602220014917812e-01 -2.343023964347276111e-01 -6.655894493249710220e-02 -1.320564236599475021e-02 2.502098373019782662e-01 9.681015697837650480e-01 -8.353708828545143572e-02 0.000000000000000000e+00 0.000000000000000000e+00 0.000000000000000000e+00 1.000000000000000000e+00 -1.249644168109081743e+00 -2.438643606028935151e-01 8.510297983179060388e-02 3.715664625600987869e-01 -6.356202793728308320e-01 -3.307915256746437049e-01
9.158053864330524263e-01 3.919847786441955639e-01 -8.745528849506789548e-02 7.301744251115592499e-02 -4.014452291415510632e-01 8.869690996418267970e-01 -2.283145754381736281e-01 -6.975789889539825428e-02 -1.192569981190133924e-02 2.442002263152548702e-01 9.696514983462389825e-01 -8.595354866453361331e-02 0.000000000000000000e+00 0.000000000000000000e+00 0.000000000000000000e+00 1.000000000000000000e+00 -1.233670568784128285e+00 -2.406269041814977916e-01 8.710996408043533701e-02 3.707642773044316775e-01 -6.445719987526421502e-01 -3.305934592434736641e-01
9.158743296266544931e-01 3.921133853315034168e-01 -8.614699860863646308e-02 7.358463809677392997e-02 -4.013235322113024584e-01 8.885269094973891058e-01 -2.223945922736538794e-01 -7.300923220739453934e-02 -1.065997001284754372e-02 2.382583158803560086e-01 9.711433164314571265e-01 -8.836059021321869544e-02 0.000000000000000000e+00 0.000000000000000000e+00 0.000000000000000000e+00 1.000000000000000000e+00 -1.217666284305944258e+00 -2.373261061924326343e-01 8.904904084132886366e-02 3.698967898934971132e-01 -6.532440077671208822e-01 -3.303674542293725813e-01
9.159500399506254054e-01 3.922184141116947798e-01 -8.485422759549539340e-02 7.412848445621797455e-02 -4.011819967947984344e-01 8.900348449260672146e-01 -2.165432551430069297e-01 -7.631142176544689071e-02 -9.409032813007069118e-03 2.323847916604814268e-01 9.725784183321841692e-01 -9.075738773892806643e-02 0.000000000000000000e+00 0.000000000000000000e+00 0.000000000000000000e+00 1.000000000000000000e+00 -1.201644434161336150e+00 -2.339664882562071668e-01 9.092277079204875989e-02 3.689651374049535693e-01 -6.616402011142277217e-01 -3.301151942453401933e-01
9.160323456666297215e-01 3.923004501866030336e-01 -8.357690153828836732e-02 7.464932465005813533e-02 -4.010211176905360553e-01 8.914941078855197487e-01 -2.107612864286518839e-01 -7.966295139757899324e-02 -8.173432264959439378e-03 2.265802580487717433e-01 9.739582038103330452e-01 -9.314316792130085398e-02 0.000000000000000000e+00 0.000000000000000000e+00 0.000000000000000000e+00 1.000000000000000000e+00 -1.185617262296329022e+00 -2.305524287718523357e-01 9.273354391827309806e-02 3.679704778251202124e-01 -6.697644642459887887e-01 -3.298382466357291376e-01
9.161210771056811364e-01 3.923600690800424506e-01 -8.231493345239972170e-02 7.514750123013248795e-02 -4.008413883123273513e-01 8.929059055267640765e-01 -2.050493266981692764e-01 -8.306231312708738102e-02 -6.953677789512597782e-03 2.208452422360975831e-01 9.752840747451806402e-01 -9.551720754223344545e-02 0.000000000000000000e+00 0.000000000000000000e+00 0.000000000000000000e+00 1.000000000000000000e+00 -1.169596197820142569e+00 -2.270881731187902042e-01 9.448359132762193524e-02 3.669139881947178772e-01 -6.776206719447903648e-01 -3.295380750310925588e-01
9.162160666250628305e-01 3.923978366835758624e-01 -8.106822447400630072e-02 7.562335598020072935e-02 -4.006433002978814772e-01 8.942714470860849696e-01 -1.994079385173788688e-01 -8.650800834815512708e-02 -5.750245273059333140e-03 2.151801980822999893e-01 9.765574320745505910e-01 -9.787883176243704353e-02 0.000000000000000000e+00 0.000000000000000000e+00 0.000000000000000000e+00 1.000000000000000000e+00 -1.153591910741838866e+00 -2.235778423428655959e-01 9.617499627021458553e-02 3.657968628239527398e-01 -6.852126869124370856e-01 -3.292160503257791082e-01
9.163171485682025663e-01 3.924143093191121978e-01 -7.983666499068874101e-02 7.607722967633040456e-02 -4.004273431357958657e-01 8.955919410529288305e-01 -1.938376100855938866e-01 -8.999854891785127875e-02 -4.563578110259843348e-03 2.095855098033519159e-01 9.777796730069453490e-01 -1.002274124412868145e-01 0.000000000000000000e+00 0.000000000000000000e+00 0.000000000000000000e+00 1.000000000000000000e+00 -1.137614363184636712e+00 -2.200254405174836003e-01 9.780970442270761622e-02 3.646203115738492762e-01 -6.925443583810116932e-01 -3.288734602732393819e-01
9.164241592276535231e-01 3.924100338161015111e-01 -7.862013571532121270e-02 7.650946186564433482e-02 -4.001940038097021035e-01 8.968685925932303737e-01 -1.883387587054314583e-01 -9.353245816909511179e-02 -3.394088198924729086e-03 2.040614954858467611e-01 9.789521884844157862e-01 -1.025623664972740712e-01 0.000000000000000000e+00 0.000000000000000000e+00 0.000000000000000000e+00 1.000000000000000000e+00 -1.121672856482472058e+00 -2.164348609510931831e-01 9.938953348777591901e-02 3.633855582010017682e-01 -6.996195207530770954e-01 -3.285115178706766725e-01
9.165369368112595838e-01 3.923855476013092258e-01 -7.741850870417718578e-02 7.692039066217377929e-02 -3.999437664585788754e-01 8.981026012092427901e-01 -1.829117340983837658e-01 -9.710827184881386243e-02 -2.242156893140461252e-03 1.986084104392543126e-01 9.800763608775994173e-01 -1.048831543068345223e-01 0.000000000000000000e+00 0.000000000000000000e+00 0.000000000000000000e+00 1.000000000000000000e+00 -1.105776074526593433e+00 -2.128098913942658155e-01 1.009161821567105127e-01 3.620938387631498778e-01 -7.064419922774374250e-01 -3.281313686840869326e-01
9.166553214115276127e-01 3.923413787993462187e-01 -7.623164832037233885e-02 7.731035255866486322e-02 -3.996771120524631460e-01 8.992951586184220192e-01 -1.775568215762904634e-01 -1.007245389852157169e-01 -1.108135919926663384e-03 1.932264503955082313e-01 9.811535618958480143e-01 -1.071892781397194988e-01 0.000000000000000000e+00 0.000000000000000000e+00 0.000000000000000000e+00 1.000000000000000000e+00 -1.089932123696474298e+00 -2.091542183832234281e-01 1.023912384789659735e-01 3.607464000831904771e-01 -7.130155737655067272e-01 -3.277340972465717095e-01
9.167791549781804106e-01 3.922780463423127806e-01 -7.505941214391699534e-02 7.767968225327730181e-02 -3.993945180829728825e-01 9.004474468352644534e-01 -1.722742450778931012e-01 -1.043798226878313029e-01 7.651735964606760573e-06 1.879157545646947258e-01 9.821851506967231860e-01 -1.094802806294121744e-01 0.000000000000000000e+00 0.000000000000000000e+00 0.000000000000000000e+00 1.000000000000000000e+00 -1.074148569678832432e+00 -2.054714308417625312e-01 1.038161876790370947e-01 3.593444982694256051e-01 -7.193440473523124989e-01 -3.273207326467832967e-01
9.169082812938230687e-01 3.921960600870778579e-01 -7.390165182977423419e-02 7.802871249019649458e-02 -3.990964582681993944e-01 9.015606364412288576e-01 -1.670641700787855732e-01 -1.080727008837408798e-01 1.104910975108552460e-03 1.826764085548917005e-01 9.831724721803668521e-01 -1.117557432773739756e-01 0.000000000000000000e+00 0.000000000000000000e+00 0.000000000000000000e+00 1.000000000000000000e+00 -1.058432471450785783e+00 -2.017650230499844766e-01 1.051924194579310218e-01 3.578893972900114573e-01 -7.254311753052655742e-01 -3.268922534102268185e-01
9.170425459526255763e-01 3.920959209388676370e-01 -7.275821391541789640e-02 7.835777391325320085e-02 -3.987834022716429949e-01 9.026358850289949443e-01 -1.619267063822934505e-01 -1.118017669931961611e-01 2.183373750875847348e-03 1.775084471635551830e-01 9.841168554553745285e-01 -1.140152849901439613e-01 0.000000000000000000e+00 0.000000000000000000e+00 0.000000000000000000e+00 1.000000000000000000e+00 -1.042790412677921053e+00 -1.980383970759791168e-01 1.065212348136849868e-01 3.563823675997223606e-01 -7.312806988830501398e-01 -3.264495917636774935e-01
9.171817963418962272e-01 3.919781209799740318e-01 -7.162894057946168902e-02 7.866719493171064892e-02 -3.984558154349552850e-01 9.036743358083395572e-01 -1.568619107981127081e-01 -1.155656305476613355e-01 3.242798258349869570e-03 1.724118570472581713e-01 9.850196124638183059e-01 -1.162585606485118661e-01 0.000000000000000000e+00 0.000000000000000000e+00 0.000000000000000000e+00 1.000000000000000000e+00 -1.027228530755065927e+00 -1.942948647555135244e-01 1.078038524128247522e-01 3.548246848172773582e-01 -7.368963372463118722e-01 -3.259936373619740091e-01
9.173258816264022730e-01 3.918431436025202608e-01 -7.051367035298726493e-02 7.895730159743852283e-02 -3.981141585243168080e-01 9.046771163618476663e-01 -1.518697897149056675e-01 -1.193629177531334851e-01 4.282968142171586848e-03 1.673865792760527715e-01 9.858820367539923302e-01 -1.184852597081489933e-01 0.000000000000000000e+00 0.000000000000000000e+00 0.000000000000000000e+00 1.000000000000000000e+00 -1.011752543696657680e+00 -1.905376492947574996e-01 1.090414145423338477e-01 3.532176284515970988e-01 -7.422817864212382100e-01 -3.255252405467552457e-01
9.174746527352800607e-01 3.916914636443351583e-01 -6.941223878523990198e-02 7.922841749274654732e-02 -3.977588874903276173e-01 9.056453375395351335e-01 -1.469503015724852035e-01 -1.231922720014559103e-01 5.303691721180447093e-03 1.624325117782413064e-01 9.867054023902989135e-01 -1.206951048312140951e-01 0.000000000000000000e+00 0.000000000000000000e+00 0.000000000000000000e+00 1.000000000000000000e+00 -9.963677750645834053e-01 -1.867698865620465720e-01 1.102349926695829346e-01 3.515624806754656939e-01 -7.474407183166256186e-01 -3.250452151981580440e-01
