9.911963366457169355e-01 -1.318982697884831801e-01 1.151818765757050070e-02 0.000000000000000000e+00 1.178669527903932340e-01 8.394225677950465370e-01 -5.305441867707889614e-01 0.000000000000000000e+00 6.030923362154188422e-02 5.272310680367527924e-01 8.475790212344848085e-01 0.000000000000000000e+00 0.000000000000000000e+00 0.000000000000000000e+00 0.000000000000000000e+00 1.000000000000000000e+00 -2.658723401607554493e-03 -1.016612103527797517e-01 -5.205104537087080763e-01 5.209534223047685986e-01 3.811526552978672377e-01 -1.440494055841458065e-01
9.915467470708286823e-01 -1.293258096539794677e-01 1.048255050477122155e-02 2.319887519150631416e-03 1.151620002918113811e-01 8.399709444998463281e-01 -5.302702390389348874e-01 2.284922323425201546e-03 5.977258994806009668e-02 5.269949218168404892e-01 8.477638765825648015e-01 4.309766178150707650e-04 0.000000000000000000e+00 0.000000000000000000e+00 0.000000000000000000e+00 1.000000000000000000e+00 -1.821172987125588560e-01 -2.915171329533631228e-01 -5.194665786414500719e-01 5.158519303922501908e-01 3.559843482356647715e-01 -1.843249924072542234e-01
9.918946093741617398e-01 -1.267837683878875188e-01 8.423833647499578622e-03 4.635298310742265622e-03 1.119897346809466121e-01 8.409821924790056302e-01 -5.293460606198779894e-01 4.556962420360332819e-03 6.002819386860416134e-02 5.259988864458767788e-01 8.483641838895052967e-01 6.293898531126465535e-04 0.000000000000000000e+00 0.000000000000000000e+00 0.000000000000000000e+00 1.000000000000000000e+00 -3.601389096774257892e-01 -4.685127343813414447e-01 -5.109925595268695053e-01 5.106174426721774573e-01 3.310694460165639064e-01 -2.210642174165040053e-01
9.922272842315651431e-01 -1.243201360274198558e-01 5.433376611059448011e-03 6.946412474570713355e-03 1.084430507049397585e-01 8.424430949930337142e-01 -5.277591660733017553e-01 6.802693374727500179e-03 6.103378016468714862e-02 5.242462553899730482e-01 8.493766790990308069e-01 6.173115020755912249e-04 0.000000000000000000e+00 0.000000000000000000e+00 0.000000000000000000e+00 1.000000000000000000e+00 -5.366760808010140327e-01 -6.234771270700271151e-01 -4.885906868060543862e-01 5.051916887825403935e-01 3.064729737618080430e-01 -2.514004273529258926e-01
9.925296784061641286e-01 -1.219927035531042370e-01 1.618465058349880404e-03 9.253277901611891773e-03 1.046352407501538739e-01 8.443381048942514289e-01 -5.254946547934045142e-01 9.006053538877982143e-03 6.273998125219595878e-02 5.217383884734145827e-01 8.507953636596259361e-01 4.212522703651023744e-04 0.000000000000000000e+00 0.000000000000000000e+00 0.000000000000000000e+00 1.000000000000000000e+00 -7.116535041019695917e-01 -7.590643747045908718e-01 -4.539415992903408359e-01 4.995469856047912716e-01 2.822375145899651550e-01 -2.761454072007601401e-01
9.927877507048784578e-01 -1.198495704008021578e-01 -2.926502080918273480e-03 1.155567034686121562e-02 1.006676577175669579e-01 8.466515990483510778e-01 -5.225390837005166045e-01 1.115316691231111983e-02 6.510381159845825272e-02 5.184757966472826052e-01 8.526103122356443187e-01 6.455495127088110982e-05 0.000000000000000000e+00 0.000000000000000000e+00 0.000000000000000000e+00 1.000000000000000000e+00 -8.849908495759146732e-01 -8.776940951406679847e-01 -4.085652462599226320e-01 4.936659315251544222e-01 2.583971660954845206e-01 -2.960371073986718393e-01
9.929886900681149653e-01 -1.179302589014617764e-01 -8.118958713455940931e-03 1.385308054364534081e-02 9.663088372227907064e-02 8.493676448812441659e-01 -5.188806008101205514e-01 1.323216338008681436e-02 6.808770359354335278e-02 5.144580250938491917e-01 8.548081702840428786e-01 -4.322474389254189297e-04 0.000000000000000000e+00 0.000000000000000000e+00 0.000000000000000000e+00 1.000000000000000000e+00 -1.056608574857533345e+00 -9.815410146489113030e-01 -3.538147389197218717e-01 4.875367145306315764e-01 2.349796790971423466e-01 -3.117365525299772289e-01
9.931209323909665487e-01 -1.162667840273764602e-01 -1.388707178110428625e-02 1.614471759584414773e-02 9.260593491742898087e-02 8.524697541895106534e-01 -5.145089513868403852e-01 1.523298986474954861e-02 7.165860890856050325e-02 5.096835833803967652e-01 8.573725514362700029e-01 -1.051080149084268394e-03 0.000000000000000000e+00 0.000000000000000000e+00 0.000000000000000000e+00 1.000000000000000000e+00 -1.226431605515535761e+00 -1.072537361764720920e+00 -2.908787360848844594e-01 4.811499057929872758e-01 2.120082273470158263e-01 -3.238286366677931016e-01
9.931755943522097008e-01 -1.148741758347446434e-01 -2.015353005446320761e-02 1.842959807824075258e-02 8.866417288172616373e-02 8.559415952925623072e-01 -5.094140283148306247e-01 1.714965809561961457e-02 7.576876040867090711e-02 5.041506833758373496e-01 8.602855265152784536e-01 -1.780069326415461943e-03 0.000000000000000000e+00 0.000000000000000000e+00 0.000000000000000000e+00 1.000000000000000000e+00 -1.394397550156394550e+00 -1.146308825224724215e+00 -2.250208452279810478e-01 4.744942921386522960e-01 1.895142138857131009e-01 -3.347144379391258084e-01
9.931481850845711445e-01 -1.137421139308626150e-01 -2.682193667738743195e-02 2.070673267283157717e-02 8.486613227774604529e-02 8.597674509572100776e-01 -5.035848215828474528e-01 1.898215190582382833e-02 8.033942934956148085e-02 4.978580766622376363e-01 8.635293368948173676e-01 -2.616908379315964310e-03 0.000000000000000000e+00 0.000000000000000000e+00 0.000000000000000000e+00 1.000000000000000000e+00 -1.560469304119257661e+00 -1.199318905902985621e+00 -1.609440290933171203e-01 4.675549140829586836e-01 1.675517292943103087e-01 -3.465122924486452871e-01
9.930374459248133556e-01 -1.128476507536342599e-01 -3.379409759799083257e-02 2.297518650777998633e-02 8.126230930321833024e-02 8.639307872568543489e-01 -4.970111013855268434e-01 2.073341972264940158e-02 8.528229560987460323e-02 4.908044473938867891e-01 8.670858832243949488e-01 -3.564063843599108664e-03 0.000000000000000000e+00 0.000000000000000000e+00 0.000000000000000000e+00 1.000000000000000000e+00 -1.724634423560588825e+00 -1.234193872897389133e+00 -9.895138290627061850e-02 4.603167529216689591e-01 1.461892573336890100e-01 -3.593480349637447890e-01
9.928438241439387912e-01 -1.121669220157413133e-01 -4.098444570213993776e-02 2.523404335182087913e-02 7.789521086880155099e-02 8.684131506661910693e-01 -4.896845302704385672e-01 2.240667743317586308e-02 9.051783723333654830e-02 4.829877686965796113e-01 8.709358995697423778e-01 -4.624330338781453692e-03 0.000000000000000000e+00 0.000000000000000000e+00 0.000000000000000000e+00 1.000000000000000000e+00 -1.886896821146351044e+00 -1.253235852982214960e+00 -3.913954924273947006e-02 4.527678696000270731e-01 1.254985246797250542e-01 -3.732573641553290078e-01
9.925717171075182366e-01 -1.116559031374422528e-01 -4.831509096849729429e-02 2.748198773326439998e-02 7.478167560248165369e-02 8.731816074721359122e-01 -4.816239040572403152e-01 2.400041222408744179e-02 9.596399988514635326e-02 4.744331810575821984e-01 8.750451830746974746e-01 -5.791926068099489781e-03 0.000000000000000000e+00 0.000000000000000000e+00 0.000000000000000000e+00 1.000000000000000000e+00 -2.035539267345951142e+00 -1.258431198947315588e+00 9.807162759706465616e-03 4.449101964327767944e-01 1.055321515472381205e-01 -3.842935620732333413e-01
9.922300788791797999e-01 -1.112454857119781620e-01 -5.571278845039003697e-02 2.971699064845514937e-02 7.190732613175369881e-02 8.781861745468891867e-01 -4.728830543543119935e-01 2.550704856516319147e-02 1.015323047453079996e-01 4.652026317286094281e-01 8.793621027240918764e-01 -7.049640872180976126e-03 0.000000000000000000e+00 0.000000000000000000e+00 0.000000000000000000e+00 1.000000000000000000e+00 -2.167028066233977146e+00 -1.251390000536634517e+00 4.519432280886797465e-02 4.367652618783174900e-01 8.630714992413640596e-02 -3.912278507105251824e-01
9.918296442439964444e-01 -1.108646886873087406e-01 -6.311085424418157175e-02 3.193662047724275810e-02 6.924752941264912531e-02 8.833749156275392256e-01 -4.635229682441877608e-01 2.691834774949138434e-02 1.071388742354032197e-01 4.553655490004637207e-01 8.838345341421861567e-01 -8.378065173660822346e-03 0.000000000000000000e+00 0.000000000000000000e+00 0.000000000000000000e+00 1.000000000000000000e+00 -2.282603822697436780e+00 -1.233521639404960402e+00 6.791228635974795591e-02 4.283640117425952520e-01 6.782137222894785156e-02 -3.943886850180577941e-01
9.913817883963124133e-01 -1.104491570581905974e-01 -7.044952568571588580e-02 3.413822958649939676e-02 6.677557808656045535e-02 8.886994456414387678e-01 -4.536015008704626372e-01 2.822725036619483374e-02 1.127083569501995536e-01 4.449879583820937068e-01 8.884157521190191309e-01 -9.758875241226098313e-03 0.000000000000000000e+00 0.000000000000000000e+00 0.000000000000000000e+00 1.000000000000000000e+00 -2.383431702693979748e+00 -1.206113870258167298e+00 7.887357585217028011e-02 4.197411935016748252e-01 5.006323122199667769e-02 -3.940460329998781708e-01
9.908983334384600106e-01 -1.099411149692400280e-01 -7.767526225329150769e-02 3.631898508775494028e-02 6.446310370179379745e-02 8.941150490802749484e-01 -4.431735455363917664e-01 2.942775823839393137e-02 1.181736137534745712e-01 4.341327382356000020e-01 8.930642575619310852e-01 -1.117465897189503371e-02 0.000000000000000000e+00 0.000000000000000000e+00 0.000000000000000000e+00 1.000000000000000000e+00 -2.470607891870405304e+00 -1.170342304098630271e+00 7.898162605203505604e-02 4.109337461049665796e-01 3.301363894927710624e-02 -3.904326386313541897e-01
9.903906138363244294e-01 -1.092963765814676524e-01 -8.473922611662977611e-02 3.847613832783259441e-02 6.228628692643730508e-02 8.995764939925262604e-01 -4.322991489350259120e-01 3.051615091404391231e-02 1.234781456154219470e-01 4.228669267408536325e-01 8.977397815707524042e-01 -1.261145506968466834e-02 0.000000000000000000e+00 0.000000000000000000e+00 0.000000000000000000e+00 1.000000000000000000e+00 -2.541628326240232827e+00 -1.127291178926325133e+00 7.173371432784976520e-02 4.019761653002246748e-01 1.664896731186031945e-02 -3.849360777434327474e-01
9.898680099194685500e-01 -1.084966266757712988e-01 -9.159589133053994137e-02 4.060752680776769097e-02 6.023620529424568437e-02 9.050321067356421612e-01 -4.210563972138272049e-01 3.149290683889383047e-02 1.285804203356593067e-01 4.112728680693260586e-01 9.023977554970435966e-01 -1.406305097224410522e-02 0.000000000000000000e+00 0.000000000000000000e+00 0.000000000000000000e+00 1.000000000000000000e+00 -2.591969306926745542e+00 -1.078107085368991358e+00 6.246999327158298670e-02 3.928939195188417277e-01 9.457604383145898352e-04 -3.796717348446786433e-01
9.893384443080207591e-01 -1.075414788635939284e-01 -9.820527140744320094e-02 4.271140935466991723e-02 5.831274933785562248e-02 9.104309367503603534e-01 -4.095303858988152967e-01 3.236083560219773364e-02 1.334506196733424854e-01 3.994375345070421135e-01 9.069953659162912629e-01 -1.552768106458250578e-02 0.000000000000000000e+00 0.000000000000000000e+00 0.000000000000000000e+00 1.000000000000000000e+00 -2.624215731357268933e+00 -1.024054682797348015e+00 5.183261033378274568e-02 3.837064926427091183e-01 -1.411840290051667723e-02 -3.745084259365906165e-01
9.888094379202053696e-01 -1.064348089141377712e-01 -1.045348236407016157e-01 4.478605317579890249e-02 5.651437250200058021e-02 9.157309603996205416e-01 -3.977976095662890677e-01 3.312261969427952868e-02 1.380652860947239602e-01 3.874383097482736460e-01 9.114985126684866934e-01 -1.700313384615999637e-02 0.000000000000000000e+00 0.000000000000000000e+00 0.000000000000000000e+00 1.000000000000000000e+00 -2.640694780740623582e+00 -9.662382474842138302e-01 4.035797784300838159e-02 3.744329110848841347e-01 -2.856657536642483175e-02 -3.693541450625816847e-01
9.882879887336609714e-01 -1.051838504649738049e-01 -1.105586332244151287e-01 4.682975304933913174e-02 5.483836315171672360e-02 9.208981602984168680e-01 -3.859265948359176801e-01 3.378089008829100043e-02 1.424064862614093652e-01 3.753437627088928030e-01 9.158807008406989469e-01 -1.848693007117307302e-02 0.000000000000000000e+00 0.000000000000000000e+00 0.000000000000000000e+00 1.000000000000000000e+00 -2.643500579641251402e+00 -9.056203954275233725e-01 2.848511072292411739e-02 3.650913973048487415e-01 -4.242202505442092125e-02 -3.641499887504575650e-01
9.877804843385411537e-01 -1.037983779960821445e-01 -1.162566728198223542e-01 4.884085060325798339e-02 5.328107702676748020e-02 9.259056298897271331e-01 -3.739784695554332350e-01 3.433828150667369433e-02 1.464610654898513276e-01 3.632143520155675098e-01 9.201220008885725443e-01 -1.997647077369140919e-02 0.000000000000000000e+00 0.000000000000000000e+00 0.000000000000000000e+00 1.000000000000000000e+00 -2.634514977307889083e+00 -8.430383839757136233e-01 1.656602504288001709e-02 3.556991236983543803e-01 -5.570781555247385913e-02 -3.588639584557065665e-01
9.872926440400398018e-01 -1.022899889262681994e-01 -1.216141263099108916e-01 5.081775249589541577e-02 5.183813830740092998e-02 9.307327160007351496e-01 -3.620074904095743618e-01 3.479746935609481784e-02 1.502199873264248864e-01 3.511030814207818374e-01 9.242080866288719943e-01 -2.146915574609195576e-02 0.000000000000000000e+00 0.000000000000000000e+00 0.000000000000000000e+00 1.000000000000000000e+00 -2.615425620899876069e+00 -7.792183690453692302e-01 4.876846342605538343e-03 3.462720618607296741e-01 -6.844643832253630156e-02 -3.534850929258038787e-01
9.868294862461053363e-01 -1.006714878881763975e-01 -1.266207691119867751e-01 5.275894662035766902e-02 5.050461470874416381e-02 9.353642095601231166e-01 -3.500615427447493211e-01 3.516119110746938198e-02 1.536777510181129291e-01 3.390561181608785501e-01 9.281293570308768448e-01 -2.296247457140368139e-02 0.000000000000000000e+00 0.000000000000000000e+00 0.000000000000000000e+00 1.000000000000000000e+00 -2.587742115645539798e+00 -7.147879276806446969e-01 -6.371239567228762987e-03 3.368249140204945258e-01 -8.065952461561587405e-02 -3.480181876464578106e-01
9.863953170527540726e-01 -9.895637034800068565e-02 -1.312703998436236530e-01 5.466301576120635719e-02 4.927517023739738655e-02 9.397895919901345652e-01 -3.381826204030609628e-01 3.543225515610780307e-02 1.568318791674227497e-01 3.271133806979565906e-01 9.318801444876034790e-01 -2.445407317830364594e-02 0.000000000000000000e+00 0.000000000000000000e+00 0.000000000000000000e+00 1.000000000000000000e+00 -2.552810793486326446e+00 -6.502871011505974019e-01 -1.702171424574358549e-02 3.273711099794118229e-01 -9.236764454037756089e-02 -3.424792238039739978e-01
9.859937362304492803e-01 -9.715839901483572238e-02 -1.355603196722220682e-01 5.652864840607196850e-02 4.814419813401892012e-02 9.440023422032250977e-01 -3.264072892542759230e-01 3.561354011485886456e-02 1.596824679427745197e-01 3.153090986837573939e-01 9.354580095390996330e-01 -2.594179928529028942e-02 0.000000000000000000e+00 0.000000000000000000e+00 0.000000000000000000e+00 1.000000000000000000e+00 -2.511828418372024974e+00 -5.861781695392795921e-01 -2.696341287231988904e-02 3.179228525023468643e-01 -1.035901887084628992e-01 -3.368915392999908276e-01
9.856276571645889994e-01 -9.529126434813262048e-02 -1.394908565796307010e-01 5.835464664133851315e-02 4.710593587054946046e-02 9.479993067768940351e-01 -3.147671354468355998e-01 3.570798721242905011e-02 1.622317926452597758e-01 3.036723458121550756e-01 9.388631198352439533e-01 -2.742373017566481289e-02 0.000000000000000000e+00 0.000000000000000000e+00 0.000000000000000000e+00 1.000000000000000000e+00 -2.465855024193612799e+00 -5.228543328815496993e-01 -3.612228743152724048e-02 3.084911955191760313e-01 -1.143453211520556734e-01 -3.312827172039664037e-01
9.852993376753590438e-01 -9.336831946696659557e-02 -1.430649322444987326e-01 6.013993123504101507e-02 4.615456370960921428e-02 9.517801338419301649e-01 -3.032891977976223119e-01 3.571858808986012879e-02 1.644839620463126317e-01 2.922275450636439009e-01 9.420977094401188356e-01 -2.889818610831228207e-02 0.000000000000000000e+00 0.000000000000000000e+00 0.000000000000000000e+00 1.000000000000000000e+00 -2.415825994605355742e+00 -4.606474446788552668e-01 -4.445426073743247164e-02 2.990861418403317762e-01 -1.246499893045188434e-01 -3.256821332584924900e-01
9.850104190147261907e-01 -9.140237954528410147e-02 -1.462876694412320877e-01 6.188354413341831672e-02 4.528428815252190376e-02 9.553467695417757755e-01 -2.919963829066100081e-01 3.564836987767001919e-02 1.664446155975772279e-01 2.809949453669376984e-01 9.451656133555735861e-01 -3.036373240282467037e-02 0.000000000000000000e+00 0.000000000000000000e+00 0.000000000000000000e+00 1.000000000000000000e+00 -2.362563440027800166e+00 -3.998349197614375905e-01 -5.193912153027613332e-02 2.897167497505900857e-01 -1.345199764376268092e-01 -3.201190865554034426e-01
9.847619706977508436e-01 -8.940557608157718994e-02 -1.491660378891469796e-01 6.358464867589271041e-02 4.448941152310559310e-02 9.587030146101164219e-01 -2.809078612816506837e-01 3.550037903702631809e-02 1.681206583031996105e-01 2.699910686673006044e-01 9.480718713275075871e-01 -3.181917290053224573e-02 0.000000000000000000e+00 0.000000000000000000e+00 0.000000000000000000e+00 1.000000000000000000e+00 -2.306786896079285221e+00 -3.406459188980512365e-01 -5.857537536748180090e-02 2.803912404590984120e-01 -1.439699830624846799e-01 -3.146214309886826710e-01
9.845545391639251021e-01 -8.738925706538855365e-02 -1.517085364384082036e-01 6.524252787417716970e-02 4.376438890514314228e-02 9.618541376502827145e-01 -2.700394428091130172e-01 3.527766508530958550e-02 1.695200286941795642e-01 2.592291266213395118e-01 9.508223945365024132e-01 -3.326353713731071415e-02 0.000000000000000000e+00 0.000000000000000000e+00 0.000000000000000000e+00 1.000000000000000000e+00 -2.249123352100676154e+00 -2.832668964722224181e-01 -6.437594940997863613e-02 2.711171007355624996e-01 -1.530137257078465762e-01 -3.092146257033653867e-01
9.843881985776632426e-01 -8.536392488509257637e-02 -1.539249094039162324e-01 6.685658111278003357e-02 4.310387363987037979e-02 9.648065410473929404e-01 -2.594039301713442214e-01 3.498326501186230925e-02 1.706514959327797565e-01 2.487194065076148708e-01 9.534236886036385750e-01 -3.469606319810258910e-02 0.000000000000000000e+00 0.000000000000000000e+00 0.000000000000000000e+00 1.000000000000000000e+00 -2.190116612830482090e+00 -2.278465843028588400e-01 -6.936464479892316681e-02 2.619011770522628457e-01 -1.616640436989948415e-01 -3.039211277354144647e-01
9.842626023633320731e-01 -8.333920473054313993e-02 -1.558258947878051193e-01 6.842631961802672635e-02 4.250275257699116793e-02 9.675674750576488403e-01 -2.490114491920485673e-01 3.462018892760593269e-02 1.715244825941476259e-01 2.384696263648646286e-01 9.558826264027202591e-01 -3.611617787544334907e-02 0.000000000000000000e+00 0.000000000000000000e+00 0.000000000000000000e+00 1.000000000000000000e+00 -2.130235996728201631e+00 -1.745004737771068959e-01 -7.357323342850470571e-02 2.527497591510574071e-01 -1.699330067586282966e-01 -2.987600574410722021e-01
9.841770343286130318e-01 -8.132383717045085780e-02 -1.574230020844629152e-01 6.995136101760543457e-02 4.195617224893510161e-02 9.701447954513796601e-01 -2.388697555150180452e-01 3.419140728127041673e-02 1.721489101223728779e-01 2.284852597879654668e-01 9.582062644059612389e-01 -3.752347543607116587e-02 0.000000000000000000e+00 0.000000000000000000e+00 0.000000000000000000e+00 1.000000000000000000e+00 -2.069884378203145747e+00 -1.233148494743828705e-01 -7.703910331834931680e-02 2.436686521799384386e-01 -1.778320182545175543e-01 -2.937470758244510871e-01
9.841304584606987982e-01 -7.932568948113082052e-02 -1.587283173476790044e-01 7.143142327822073201e-02 4.145955709960272295e-02 9.725467600912283128e-01 -2.289845174424768037e-01 3.369983981087295438e-02 1.725350643439865217e-01 2.187698311910577509e-01 9.604016966518298393e-01 -3.891769601677329271e-02 0.000000000000000000e+00 0.000000000000000000e+00 0.000000000000000000e+00 1.000000000000000000e+00 -2.009405586251284515e+00 -7.435042005682401811e-02 -7.980336631446645346e-02 2.346632374356298900e-01 -1.853719106349929202e-01 -2.888944216159088918e-01
9.841215666835892995e-01 -7.735178114125981774e-02 -1.597543332196326438e-01 7.286631826971362580e-02 4.100862084567453297e-02 9.747818599620600155e-01 -2.193595751463266741e-01 3.314834627591409233e-02 1.726934787504962321e-01 2.093251826684724981e-01 9.624759408687049156e-01 -4.029870442510460893e-02 0.000000000000000000e+00 0.000000000000000000e+00 0.000000000000000000e+00 1.000000000000000000e+00 -1.949091177555731802e+00 -2.764558610479801032e-02 -8.190935210384552023e-02 2.257385223586513834e-01 -1.925630309920514927e-01 -2.842110643790852764e-01
9.841488240427044287e-01 -7.540831966984425094e-02 -1.605138016737536200e-01 7.425594516340333628e-02 4.059937198275412329e-02 9.768586803978008826e-01 -2.099971768015011508e-01 3.253971892711249314e-02 1.726348335407790757e-01 2.001517138392150674e-01 9.644358517811156828e-01 -4.166646991209913692e-02 0.000000000000000000e+00 0.000000000000000000e+00 0.000000000000000000e+00 1.000000000000000000e+00 -1.889186607255429751e+00 1.678062044612265574e-02 -8.340142265092542750e-02 2.168991808090430795e-01 -1.994153157809575583e-01 -2.797029377057778099e-01
9.842105109366126037e-01 -7.350074366406963988e-02 -1.610196073034739772e-01 7.560028383289707499e-02 4.022811437322063727e-02 9.787857885413232539e-01 -2.008981924674718700e-01 3.187667661007093090e-02 1.723698686516637046e-01 1.912485962491872193e-01 9.662880571385904505e-01 -4.302104731054781639e-02 0.000000000000000000e+00 0.000000000000000000e+00 0.000000000000000000e+00 1.000000000000000000e+00 -1.829896824942572664e+00 5.892589475365943297e-02 -8.432405065479352257e-02 2.081495848554635875e-01 -2.059383545345859490e-01 -2.753732235257417282e-01
9.843047621465264019e-01 -7.163377048865661456e-02 -1.612846590909579325e-01 7.689938838886550831e-02 3.989144377100961592e-02 9.805716434013154181e-01 -1.920623067601897327e-01 3.116186036124924882e-02 1.719093092077975948e-01 1.826139640311582046e-01 9.680389125189651223e-01 -4.436255979082916884e-02 0.000000000000000000e+00 0.000000000000000000e+00 0.000000000000000000e+00 1.000000000000000000e+00 -1.771391326840570102e+00 9.880228831847073789e-02 -8.472111422742883979e-02 1.994938293828606435e-01 -2.121414429808361757e-01 -2.712226646487583270e-01
9.844296025241302539e-01 -6.981144658150999216e-02 -1.613217987082584126e-01 7.815338094631094079e-02 3.958624105380072200e-02 9.822245252147866479e-01 -1.834881915151123644e-01 3.039783033389460015e-02 1.712638019959711599e-01 1.742450825925219993e-01 9.696944714525367326e-01 -4.569118337315115908e-02 0.000000000000000000e+00 0.000000000000000000e+00 0.000000000000000000e+00 1.000000000000000000e+00 -1.713808697509133561e+00 1.364340848022095321e-01 -8.463536760577897167e-02 1.909357508027023087e-01 -2.180336263455938395e-01 -2.672498878730040772e-01
9.845829792891609422e-01 -6.803719877714126119e-02 -1.611437235325374473e-01 7.936244569417753858e-02 3.930966284804997962e-02 9.837524811702507144e-01 -1.751736597477881185e-01 2.958706388378487886e-02 1.704438617195702943e-01 1.661384971231923691e-01 9.712604678796377122e-01 -4.700713324672656929e-02 0.000000000000000000e+00 0.000000000000000000e+00 0.000000000000000000e+00 1.000000000000000000e+00 -1.657260675875169342e+00 1.718559005700792675e-01 -8.410805433128958064e-02 1.824789410660884736e-01 -2.236237338436098676e-01 -2.634517243832131816e-01
9.847627909618724695e-01 -6.631388541637314726e-02 -1.607629226921649945e-01 8.052682331290769713e-02 3.905913014924914523e-02 9.851632848835496503e-01 -1.671158022784194064e-01 2.873195464616853240e-02 1.694598259199531498e-01 1.582901626990218802e-01 9.727423083849513485e-01 -4.831065187925574766e-02 0.000000000000000000e+00 0.000000000000000000e+00 0.000000000000000000e+00 1.000000000000000000e+00 -1.601835780999087744e+00 2.051109901342363095e-01 -8.317863501365194145e-02 1.741267580585191543e-01 -2.289204054627107798e-01 -2.598235177947904040e-01
9.849669130139916406e-01 -6.464384631567499095e-02 -1.601916245975917863e-01 8.164680576561213210e-02 3.883231546048702271e-02 9.864644073379897904e-01 -1.593111084081118289e-01 2.783481244322130385e-02 1.683218175666991723e-01 1.506955577080310582e-01 9.741450720432224264e-01 -4.960199885073087595e-02 0.000000000000000000e+00 0.000000000000000000e+00 0.000000000000000000e+00 1.000000000000000000e+00 -1.547602532879643000e+00 2.362497384029382530e-01 -8.188460662470029017e-02 1.658823333143399914e-01 -2.339321121649020341e-01 -2.563594131580039237e-01
9.851932203668698484e-01 -6.302895091972908481e-02 -1.594417545465788011e-01 8.272273147259254222e-02 3.862712889809354760e-02 9.876629972979568128e-01 -1.517555720242588779e-01 2.689786387339697382e-02 1.670397144205692519e-01 1.433497822549810452e-01 9.754735160614090850e-01 -5.088144231089705705e-02 0.000000000000000000e+00 0.000000000000000000e+00 0.000000000000000000e+00 1.000000000000000000e+00 -1.494612302905986789e+00 2.653283231391015962e-01 -8.026139433958380531e-02 1.577485778425368190e-01 -2.386671705874271465e-01 -2.530526226051549865e-01
9.854396068990410873e-01 -6.147064416384507429e-02 -1.585249011251096685e-01 8.375498086662971908e-02 3.844170364469479129e-02 9.887658694775979251e-01 -1.444447844774030820e-01 2.592325344846704155e-02 1.656231243637955319e-01 1.362476431110322961e-01 9.767320857120238564e-01 -5.214925193693423916e-02 0.000000000000000000e+00 0.000000000000000000e+00 0.000000000000000000e+00 1.000000000000000000e+00 -1.442901827408129778e+00 2.924075323501130197e-01 -7.834230035327216513e-02 1.497281867130940414e-01 -2.431337532485146613e-01 -2.498956651867207113e-01
9.857040021489799075e-01 -5.996998973549760859e-02 -1.574522902512364431e-01 8.474397231726929491e-02 3.827438106785226168e-02 9.897794989922896747e-01 -1.373740155179824229e-01 2.491304515951155499e-02 1.640813659736816976e-01 1.293837266750753334e-01 9.779249273229801975e-01 -5.340569325463505324e-02 0.000000000000000000e+00 0.000000000000000000e+00 0.000000000000000000e+00 1.000000000000000000e+00 -1.392495416250821627e+00 3.175517225069319216e-01 -7.615849694406960635e-02 1.418236429207522242e-01 -2.473398951623583808e-01 -2.468805798782457706e-01
9.859843854140668551e-01 -5.852771055283272766e-02 -1.562347658279167606e-01 8.569015840583096844e-02 3.812369576676143124e-02 9.907100208404377994e-01 -1.305382835138879927e-01 2.386922436869249806e-02 1.624234536887700364e-01 1.227524613065200249e-01 9.790559033230966657e-01 -5.465102318046245050e-02 0.000000000000000000e+00 0.000000000000000000e+00 0.000000000000000000e+00 1.000000000000000000e+00 -1.343406886661856703e+00 3.408279045544704289e-01 -7.373905341716199824e-02 1.340372209243442525e-01 -2.512934976576726709e-01 -2.439991118195637410e-01
9.862787974550331072e-01 -5.714422637807247546e-02 -1.548827760817803323e-01 8.659402252858060256e-02 3.798836076016865598e-02 9.915632333575199464e-01 -1.239324160932029351e-01 2.279369993865574401e-02 1.606580869830780967e-01 1.163481702797279083e-01 9.801286085424585348e-01 -5.588548664161506474e-02 0.000000000000000000e+00 0.000000000000000000e+00 0.000000000000000000e+00 1.000000000000000000e+00 -1.295641250570307879e+00 3.623049456495284204e-01 -7.111098851581912350e-02 1.263709901567051652e-01 -2.550023300823853201e-01 -2.412428726352867370e-01
9.865853500177373947e-01 -5.581968856027130776e-02 -1.534063647672902209e-01 8.745607580301230366e-02 3.786725298548961061e-02 9.923446047546106152e-01 -1.175511022745836520e-01 2.168830652543829451e-02 1.587936430239627328e-01 1.101651165008924876e-01 9.811463871363127476e-01 -5.710931413513965077e-02 0.000000000000000000e+00 0.000000000000000000e+00 0.000000000000000000e+00 1.000000000000000000e+00 -1.249196181725133359e+00 3.820528754640025171e-01 -6.829934150158852024e-02 1.188268187128220105e-01 -2.584740299694040511e-01 -2.386034762359567629e-01
9.869022333821677595e-01 -5.455401195911179640e-02 -1.518151665098222969e-01 8.827685425111066186e-02 3.775939924171271833e-02 9.930592820016892475e-01 -1.113889370634853215e-01 2.055480697354932634e-02 1.568381723437120012e-01 1.041975400213386860e-01 9.821123496433636912e-01 -5.832272009400377155e-02 0.000000000000000000e+00 0.000000000000000000e+00 0.000000000000000000e+00 1.000000000000000000e+00 -1.204063286828506829e+00 4.001422867319461840e-01 -6.532725643417422456e-02 1.114063773518696038e-01 -2.617161021385503439e-01 -2.360726518606207081e-01
9.872277221430393324e-01 -5.334690414302881850e-02 -1.501184056468862771e-01 8.905691623346638497e-02 3.766396267661017982e-02 9.937121014437924060e-01 -1.054404594081985308e-01 1.939489476332066642e-02 1.547993971045517059e-01 9.843968927863343266e-02 9.830293898074975445e-01 -5.952590193690548981e-02 0.000000000000000000e+00 0.000000000000000000e+00 0.000000000000000000e+00 1.000000000000000000e+00 -1.160229202897430367e+00 4.166438205080979507e-01 -6.221607527473670823e-02 1.041111438909188142e-01 -2.647359171197476435e-01 -2.336423363344699577e-01
9.875601794181467774e-01 -5.219789198401959818e-02 -1.483248980043338494e-01 8.979684010891857138e-02 3.758022989157633331e-02 9.943076006475644046e-01 -9.970018432726529545e-02 1.821019647065302144e-02 1.526847115818469602e-01 9.288584689977856523e-02 9.839002008891729600e-01 -6.071903968867632673e-02 0.000000000000000000e+00 0.000000000000000000e+00 0.000000000000000000e+00 1.000000000000000000e+00 -1.117676541097418319e+00 4.316277273488077215e-01 -5.898543633352508475e-02 9.694240802291743953e-02 -2.675407092032891510e-01 -2.313047476136125269e-01
9.878980596704496353e-01 -5.110634579063071808e-02 -1.464430551143406367e-01 9.049722209575526699e-02 3.750759871457339661e-02 9.948500310689951665e-01 -9.416262994062264691e-02 1.700227420795211511e-02 1.505011845312764218e-01 8.753035080987711658e-02 9.847272912718590954e-01 -6.190229606882631519e-02 0.000000000000000000e+00 0.000000000000000000e+00 0.000000000000000000e+00 1.000000000000000000e+00 -1.076384695399830171e+00 4.451634963280369228e-01 -5.565337531791163944e-02 8.990127655738749946e-02 -2.701375743545910146e-01 -2.290524417011972624e-01
9.882399103183416855e-01 -5.007150113197242347e-02 -1.444808904446794051e-01 9.115867431222776651e-02 3.744556667269686306e-02 9.953433712120316468e-01 -8.882234006172394503e-02 1.577262802243091511e-02 1.482555631430017562e-01 8.236761130547183563e-02 9.855129992326084887e-01 -6.307581695662445309e-02 0.000000000000000000e+00 0.000000000000000000e+00 0.000000000000000000e+00 1.000000000000000000e+00 -1.036330532618628952e+00 4.573195444640396623e-01 -5.223642683825090172e-02 8.298867905749321427e-02 -2.725334681728300845e-01 -2.268783549680417344e-01
9.885843722961977775e-01 -4.909247851097282150e-02 -1.424460272648365167e-01 9.178182297606803097e-02 3.739372018030506090e-02 9.957913400141226168e-01 -8.367390293753125541e-02 1.452269823415387046e-02 1.459542783196523530e-01 7.739212467443332133e-02 9.862595067964885498e-01 -6.423973215176202733e-02 0.000000000000000000e+00 0.000000000000000000e+00 0.000000000000000000e+00 1.000000000000000000e+00 -9.974889786954487247e-01 4.681629597582491753e-01 -4.874972471991818185e-02 7.620537383011534438e-02 -2.747352040244972482e-01 -2.247758338152415769e-01
9.889301797145116923e-01 -4.816830104590151540e-02 -1.403457078243931511e-01 9.236730674472318214e-02 3.735172444604552972e-02 9.961974102502590966e-01 -7.871196665801427628e-02 1.325386770133408706e-02 1.436034510455705959e-01 7.259848387380196666e-02 9.869688526342653700e-01 -6.539415635986402242e-02 0.000000000000000000e+00 0.000000000000000000e+00 0.000000000000000000e+00 1.000000000000000000e+00 -9.598335145311788219e-01 4.777592916380010157e-01 -4.520709986976514938e-02 6.955195421485130258e-02 -2.767494514432234376e-01 -2.227386534907934423e-01
9.892761587560873204e-01 -4.729791031663601458e-02 -1.381868035633280201e-01 9.291577518004522085e-02 3.731931409204521100e-02 9.965648217932107089e-01 -7.393125169678402275e-02 1.196746400458705527e-02 1.412088996424666065e-01 6.798138671319213511e-02 9.876429439932836729e-01 -6.653919034172649238e-02 0.000000000000000000e+00 0.000000000000000000e+00 0.000000000000000000e+00 1.000000000000000000e+00 -9.233365932110414454e-01 4.861723831498488413e-01 -4.162117477006331556e-02 6.302885511213225656e-02 -2.785827348552203375e-01 -2.207610277286914946e-01
9.896212259320718019e-01 -4.648018052715531534e-02 -1.359758261130167845e-01 9.342788732313211941e-02 3.729628447063930430e-02 9.968965946057827265e-01 -6.932656098972693470e-02 1.066476154521594708e-02 1.387761477316443726e-01 6.353564193396500637e-02 9.882835676745174158e-01 -6.767492217405909893e-02 0.000000000000000000e+00 0.000000000000000000e+00 0.000000000000000000e+00 1.000000000000000000e+00 -8.879699891383473487e-01 4.934642397710460315e-01 -3.800345393598825172e-02 5.663635968876572918e-02 -2.802414326642966302e-01 -2.188376107262381409e-01
9.899643858093389870e-01 -4.571393112906786682e-02 -1.337189388811973467e-01 9.390431036686228139e-02 3.728248365796090619e-02 9.971955413722152217e-01 -6.489278790886270076e-02 9.346983555268837535e-03 1.363104327454994491e-01 5.925617352301315588e-02 9.888924000856611496e-01 -6.880142857764336151e-02 0.000000000000000000e+00 0.000000000000000000e+00 0.000000000000000000e+00 1.000000000000000000e+00 -8.537050883773265042e-01 4.996949301938984345e-01 -3.436440988471298197e-02 5.037460620020112190e-02 -2.817317767106763959e-01 -2.169634928202324176e-01
9.903047283089835284e-01 -4.499793804320042362e-02 -1.314219690445075917e-01 9.434571841536890102e-02 3.727780509920348290e-02 9.974642797013735240e-01 -6.062492244391715079e-02 8.015304019174255071e-03 1.338167148512506011e-01 5.513802355427172008e-02 9.894710164120610330e-01 -6.991877627615639135e-02 0.000000000000000000e+00 0.000000000000000000e+00 0.000000000000000000e+00 1.000000000000000000e+00 -8.205131284034107297e-01 5.049225148918161654e-01 -3.071356433421205956e-02 4.424359487186479978e-02 -2.830598521028490633e-01 -2.151341910702641858e-01
9.906414256645862393e-01 -4.433094360784252397e-02 -1.290904197988131108e-01 9.475279132124714287e-02 3.728218087714064294e-02 9.977052438550400026e-01 -5.651805586401204007e-02 6.670849508325129781e-03 1.312996861680435778e-01 5.117635381055024579e-02 9.900208989552536920e-01 -7.102702335546379198e-02 0.000000000000000000e+00 0.000000000000000000e+00 0.000000000000000000e+00 1.000000000000000000e+00 -7.883653944645778733e-01 5.092029986977778533e-01 -2.705956448531900496e-02 3.824319478635831993e-02 -2.842315974106054965e-01 -2.133456358111009976e-01
9.909737291185185537e-01 -4.371166537350430065e-02 -1.267294827408285973e-01 9.512621359266865140e-02 3.729557557331609347e-02 9.979206959712119129e-01 -5.256738409612163321e-02 5.314700931128918220e-03 1.287637801748284516e-01 4.736644640252868355e-02 9.905434446937109172e-01 -7.212622059897831617e-02 0.000000000000000000e+00 0.000000000000000000e+00 0.000000000000000000e+00 1.000000000000000000e+00 -7.572333788634948437e-01 5.125903040164555557e-01 -2.341025434756261597e-02 3.237315072862749499e-02 -2.852528051995368852e-01 -2.115941540985205871e-01
9.913009654249180791e-01 -4.313880385526235040e-02 -1.243440502748624638e-01 9.546667336379517643e-02 3.731798069000540063e-02 9.981127367655114879e-01 -4.876821002520594778e-02 3.947895201849131036e-03 1.262131812209280612e-01 4.370370357034925740e-02 9.910399721227856062e-01 -7.321641277975410311e-02 0.000000000000000000e+00 0.000000000000000000e+00 0.000000000000000000e+00 1.000000000000000000e+00 -7.270889086703571369e-01 5.151362616514756354e-01 -1.977274115284190226e-02 2.663308994697667284e-02 -2.861291228819710653e-01 -2.098764508454155076e-01
9.916225332190971020e-01 -4.261104934513019332e-02 -1.219387279562127030e-01 9.577486142294196203e-02 3.734940960043364733e-02 9.982833157042054761e-01 -4.511594489287033133e-02 2.571426832096456762e-03 1.236518340641375724e-01 4.018364682574324109e-02 9.915117274313820506e-01 -7.429763989438678551e-02 0.000000000000000000e+00 0.000000000000000000e+00 0.000000000000000000e+00 1.000000000000000000e+00 -6.979042466634159947e-01 5.168906165603471825e-01 -1.615345696530537042e-02 2.102252879370518357e-02 -2.868660538560592332e-01 -2.081895883283964022e-01
9.919378993050421700e-01 -4.212708787853215037e-02 -1.195178466981132587e-01 9.605147029385144308e-02 3.738989299466709271e-02 9.984342406504059797e-01 -4.160610894669086041e-02 1.186249449142340621e-03 1.210834533726675294e-01 3.680191556865902713e-02 9.919598900720092427e-01 -7.536993832757257761e-02 0.000000000000000000e+00 0.000000000000000000e+00 0.000000000000000000e+00 1.000000000000000000e+00 -6.696521696610872043e-01 5.179010461527541187e-01 -1.255821564428707439e-02 1.554087921494713351e-02 -2.874689589030574033e-01 -2.065309646397248400e-01
9.922465949053059786e-01 -4.168560644097544371e-02 -1.170854747824466024e-01 9.629719336621038461e-02 3.743947478896309661e-02 9.985671869911999510e-01 -3.823433147066442744e-02 -2.067227546282154969e-04 1.185115331373990250e-01 3.355426529152972376e-02 9.923855777789902799e-01 -7.643334193940025389e-02 0.000000000000000000e+00 0.000000000000000000e+00 0.000000000000000000e+00 1.000000000000000000e+00 -6.423060278492583874e-01 5.182131890245347261e-01 -8.992265352716103874e-03 1.018745506483447610e-02 -2.879430578123953754e-01 -2.048982915651134107e-01
9.925482119109589885e-01 -4.128529749346519090e-02 -1.146454296259411809e-01 9.651272407219217697e-02 3.749820846706126976e-02 9.986837062580834479e-01 -3.499635030828612131e-02 -1.606613636794898287e-03 1.159393559498834159e-01 3.043656546628613346e-02 9.927898510870069027e-01 -7.748788307016506172e-02 0.000000000000000000e+00 0.000000000000000000e+00 0.000000000000000000e+00 1.000000000000000000e+00 -6.158397882131942946e-01 5.178706822711954816e-01 -5.460336828414085256e-03 4.961478224264578331e-03 -2.882934312045871694e-01 -2.032895722843567898e-01
9.928423991633165135e-01 -4.092486288812476058e-02 -1.122012892634812187e-01 9.669875510634329263e-02 3.756615382284717725e-02 9.987852342564488284e-01 -3.188801097323698541e-02 -3.012583780266650003e-03 1.133700021094062593e-01 2.744479719366252693e-02 9.931737173990938805e-01 -7.853359345975850780e-02 0.000000000000000000e+00 0.000000000000000000e+00 0.000000000000000000e+00 1.000000000000000000e+00 -5.902280647488750143e-01 5.169152057527078847e-01 -1.966687652110860052e-03 -1.379154907326079343e-04 -2.885250225231582033e-01 -2.017030792183224508e-01
9.931288587938512658e-01 -4.060301723888554842e-02 -1.097564035186636838e-01 9.685597768657341899e-02 3.764337407494986604e-02 9.988730987222429469e-01 -2.890526542831505299e-02 -4.423829224843884612e-03 1.108063585293519449e-01 2.457505068096504583e-02 9.935381346498536326e-01 -7.957050508055456273e-02 0.000000000000000000e+00 0.000000000000000000e+00 0.000000000000000000e+00 1.000000000000000000e+00 -5.654461377476254214e-01 5.153865318871165835e-01 1.484857244520106437e-03 -5.111670641802008690e-03 -2.886426401683472309e-01 -2.001373322818429945e-01
9.934073426439953280e-01 -4.031849080599624047e-02 -1.073139048390168437e-01 9.698508085436403914e-02 3.772993332509070458e-02 9.989485265254739454e-01 -2.604417060081514607e-02 -5.839580251094897943e-03 1.082511274191494122e-01 2.182352260300951877e-02 9.938840146061871383e-01 -8.059865088423083523e-02 0.000000000000000000e+00 0.000000000000000000e+00 0.000000000000000000e+00 1.000000000000000000e+00 -5.414699641148965625e-01 5.133225797356666398e-01 4.890868583610534504e-03 -9.960806709283369018e-03 -2.886509597472257105e-01 -1.985910777467398136e-01
