9.050718030087383514e-01 -3.597392672047519668e-01 -2.267877664899491108e-01 0.000000000000000000e+00 2.372445990709187713e-02 5.751760671989171181e-01 -8.176855396322619818e-01 0.000000000000000000e+00 4.245964924497473980e-01 7.346837083756347919e-01 5.291102600090049624e-01 0.000000000000000000e+00 0.000000000000000000e+00 0.000000000000000000e+00 0.000000000000000000e+00 1.000000000000000000e+00 2.632180246901619780e-01 2.023203093762528937e-01 3.060658928547737023e-01 9.173491836456881821e-02 -2.017587244733252128e-01 -1.799687070781020304e-01
9.046738138625822767e-01 -3.613943200284054358e-01 -2.257419680728348921e-01 9.716413139145174032e-04 2.531694101755712842e-02 5.744326119575624556e-01 -8.181602698698148268e-01 1.319958787610926330e-04 4.253520225198483828e-01 7.344530755159841551e-01 5.288235405767223174e-01 -1.121863177170768361e-03 0.000000000000000000e+00 0.000000000000000000e+00 0.000000000000000000e+00 1.000000000000000000e+00 8.130104020479558824e-02 1.229636897899303721e-01 3.394509254628926831e-01 7.052340154176534037e-02 -2.376406593799407219e-01 -1.885058746141900776e-01
9.041291698201614491e-01 -3.629995504019575825e-01 -2.253481107504934355e-01 1.921829312317159880e-03 2.671365127975173018e-02 5.744223945854424196e-01 -8.181230311927509824e-01 1.930287040432522008e-04 4.264232934524641583e-01 7.336690260108762462e-01 5.290490861964646241e-01 -2.440786874212274964e-03 0.000000000000000000e+00 0.000000000000000000e+00 0.000000000000000000e+00 1.000000000000000000e+00 -9.873098409372288442e-02 5.845017040661897034e-02 3.749052957078194415e-01 4.914537154709909539e-02 -2.732351472374219270e-01 -1.962348919857247187e-01
9.034503178084002384e-01 -3.645660206435909489e-01 -2.255418814393954641e-01 2.849560791547022486e-03 2.797864783312564024e-02 5.751372055106734882e-01 -8.175783700541514598e-01 1.793239295428683002e-04 4.277788197367548562e-01 7.323310812058330121e-01 5.298079554770870336e-01 -3.953822111204124100e-03 0.000000000000000000e+00 0.000000000000000000e+00 0.000000000000000000e+00 1.000000000000000000e+00 -2.768991004131942657e-01 7.192893058211122237e-03 4.121301453259068603e-01 2.758010294330888110e-02 -3.084961664340475918e-01 -2.033668165413374807e-01
9.026478875303700633e-01 -3.661019548837811111e-01 -2.262656630752886422e-01 3.753921022636167587e-03 2.916985279631780295e-02 5.765675270937834496e-01 -8.165286325656576638e-01 8.766706562463099999e-05 4.293901616567418200e-01 7.304377090099932746e-01 5.311166005734830886e-01 -5.658298882812118520e-03 0.000000000000000000e+00 0.000000000000000000e+00 0.000000000000000000e+00 1.000000000000000000e+00 -4.532262055457418892e-01 -3.223073413321734387e-02 4.508978771683671005e-01 5.808667363383569759e-03 -3.433786771415596739e-01 -2.100818446598573530e-01
9.017310254401355030e-01 -3.676132662264209872e-01 -2.274678984612655552e-01 4.634046707423142807e-03 3.033972979383645768e-02 5.787025463937784941e-01 -8.149741500989868825e-01 -8.472032953452266412e-05 4.312315603669816255e-01 7.279861612957801986e-01 5.329873278592979213e-01 -7.551735364778046702e-03 0.000000000000000000e+00 0.000000000000000000e+00 0.000000000000000000e+00 1.000000000000000000e+00 -6.277371254841263015e-01 -6.109306446662762791e-02 4.910411620093680374e-01 -1.618653155177926170e-02 -3.778380017377188094e-01 -2.165336533497035643e-01
9.007076546731312972e-01 -3.691040063931231852e-01 -2.291024964826078869e-01 5.489095984489178806e-03 3.153589842417493100e-02 5.815301566991145643e-01 -8.129133816195287521e-01 -3.402855331146958473e-04 4.332795956680165483e-01 7.249723521529918280e-01 5.354286901400926446e-01 -9.631761156574375829e-03 0.000000000000000000e+00 0.000000000000000000e+00 0.000000000000000000e+00 1.000000000000000000e+00 -8.004585612997853206e-01 -8.053136524776573213e-02 5.324436157174754491e-01 -3.842207012447790282e-02 -4.118292947313154651e-01 -2.228530553708855388e-01
8.995846769656736797e-01 -3.705767477056288173e-01 -2.311282840114452508e-01 6.318223867887811512e-03 3.280168880091402506e-02 5.850369495579210710e-01 -8.103430256599200021e-01 -6.812325497652183069e-04 4.355128680940947294e-01 7.213907707348399256e-01 5.384458185738830727e-01 -1.189605228355174356e-02 0.000000000000000000e+00 0.000000000000000000e+00 0.000000000000000000e+00 1.000000000000000000e+00 -9.714189585506165514e-01 -9.156068379517985634e-02 5.750315781813164495e-01 -6.091370756856359647e-02 -4.453070873396294260e-01 -2.291512127439935542e-01
8.983681311447304640e-01 -3.720329046732728240e-01 -2.335084997138041907e-01 7.120562066497046136e-03 3.417664261597258557e-02 5.892081984747571388e-01 -8.072581115323240741e-01 -1.109594329889436936e-03 4.379117013017385651e-01 7.172344242915431600e-01 5.420407038923601428e-01 -1.434227641653906815e-02 0.000000000000000000e+00 0.000000000000000000e+00 0.000000000000000000e+00 1.000000000000000000e+00 -1.140648344506783207e+00 -9.508526681202303377e-02 6.187665333117238209e-01 -8.367650941260477981e-02 -4.782248937887846885e-01 -2.355226055704771615e-01
8.970633181031849590e-01 -3.734730030976662896e-01 -2.362103298532711726e-01 7.895202248094267822e-03 3.569696374637367636e-02 5.940278349855052653e-01 -8.036520771069534108e-01 -1.627291104480307980e-03 4.404578642608322214e-01 7.124948071516974402e-01 5.462124331078561656e-01 -1.696804663402888894e-02 0.000000000000000000e+00 0.000000000000000000e+00 0.000000000000000000e+00 1.000000000000000000e+00 -1.308178160944010404e+00 -9.190986968784456423e-02 6.636390376070411268e-01 -1.067249132376510701e-01 -5.105348688909205901e-01 -2.420473583096485748e-01
8.956748999269240619e-01 -3.748969041652501222e-01 -2.392044847886873327e-01 8.641181986114625235e-03 3.739592222681147049e-02 5.994784175477907429e-01 -7.995168385983926207e-01 -2.236176634849870466e-03 4.431343123080175306e-01 7.071618919538021908e-01 5.509573872822002283e-01 -1.977088219234166347e-02 0.000000000000000000e+00 0.000000000000000000e+00 0.000000000000000000e+00 1.000000000000000000e+00 -1.474041109767256330e+00 -8.274936205843415327e-02 7.096632268623350726e-01 -1.300727519059239057e-01 -5.421875086374233765e-01 -2.487933361070064908e-01
8.942069797437095513e-01 -3.763039896363167269e-01 -2.424648127185710378e-01 9.357472858341089536e-03 3.930421635943569941e-02 6.055410935511352788e-01 -7.948428563022410520e-01 -2.938073784620896280e-03 4.459249444346546354e-01 7.012241403270659257e-01 5.562694059713533257e-01 -2.274817514324338485e-02 0.000000000000000000e+00 0.000000000000000000e+00 0.000000000000000000e+00 1.000000000000000000e+00 -1.638271022243748209e+00 -6.823754557088650141e-02 7.568723497342016993e-01 -1.537332438191508777e-01 -5.731313871439689400e-01 -2.558178038389509745e-01
8.926631676282599237e-01 -3.776933122993529901e-01 -2.459679483899073760e-01 1.004297044476519171e-02 4.145029532415571427e-02 6.121955547297960321e-01 -7.896191991805712185e-01 -3.734800186730080976e-03 4.488143740014454153e-01 6.946685313588299993e-01 5.621399226037301355e-01 -2.589716218078929807e-02 0.000000000000000000e+00 0.000000000000000000e+00 0.000000000000000000e+00 1.000000000000000000e+00 -1.800902757076328742e+00 -4.893500592231175839e-02 8.053141309839273454e-01 -1.777189557158081468e-01 -6.033129238568912811e-01 -2.631691810222230310e-01
8.910466342025694653e-01 -3.790637194678445621e-01 -2.496929972432273548e-01 1.069648554728061529e-02 4.386064467229813107e-02 6.194199860509230771e-01 -7.838336105123094866e-01 -4.628186349287351925e-03 4.517877152846068722e-01 6.874806045090080531e-01 5.685580730113803938e-01 -2.921490007690407884e-02 0.000000000000000000e+00 0.000000000000000000e+00 0.000000000000000000e+00 1.000000000000000000e+00 -1.961972126878214651e+00 -2.533759338501483452e-02 8.550488889918796964e-01 -2.020417444083409397e-01 -6.326761789437241879e-01 -2.708875744973067157e-01
8.893601551894081414e-01 -3.804139533055099776e-01 -2.536212512461639146e-01 1.131673642826015215e-02 4.656003836269707180e-02 6.271910082694935884e-01 -7.774725760597930302e-01 -5.620087048412721921e-03 4.548303830840674244e-01 6.796445156442391111e-01 5.755107808820006943e-01 -3.269824414361605786e-02 0.000000000000000000e+00 0.000000000000000000e+00 0.000000000000000000e+00 1.000000000000000000e+00 -2.121515853178978617e+00 2.117817338841448960e-03 9.061458287660468791e-01 -2.267126796246149156e-01 -6.611626740765926824e-01 -2.790061455053978179e-01
8.876061539879066542e-01 -3.817427210434558016e-01 -2.577359324993805934e-01 1.190234322338712056e-02 4.957175353282242125e-02 6.354836149292180103e-01 -7.705213957272826208e-01 -6.712382727484202463e-03 4.579278948466146693e-01 6.711431104495333422e-01 5.829828236219072313e-01 -3.634383224784312055e-02 0.000000000000000000e+00 0.000000000000000000e+00 0.000000000000000000e+00 1.000000000000000000e+00 -2.279571549073208026e+00 3.304689208987303395e-02 9.586773412365269253e-01 -2.517419405705224600e-01 -6.887112282661653762e-01 -2.875533759581138105e-01
8.857867399124772501e-01 -3.830487467863295525e-01 -2.620219638185748434e-01 1.245182335555879323e-02 5.291775415767588364e-02 6.442711037914550243e-01 -7.629642595137486882e-01 -7.906975139732446214e-03 4.610656818261665291e-01 6.619580101950278683e-01 5.909568802271770727e-01 -4.014807160013682263e-02 0.000000000000000000e+00 0.000000000000000000e+00 0.000000000000000000e+00 1.000000000000000000e+00 -2.436177724845075332e+00 6.711258180301658827e-02 1.012719908628799015e+00 -2.771386910724440433e-01 -7.152578127821631604e-01 -2.965523678836343713e-01
8.839037403185723285e-01 -3.843308150048488914e-01 -2.664657632870499060e-01 1.296358689223039463e-02 5.661885129236841202e-02 6.535250025979795208e-01 -7.547843282400863441e-01 -9.205780805683277251e-03 4.642289131958809434e-01 6.520697054032277284e-01 5.994135636103888887e-01 -4.410712586094810844e-02 0.000000000000000000e+00 0.000000000000000000e+00 0.000000000000000000e+00 1.000000000000000000e+00 -2.591373814255794272e+00 1.040201979208350003e-01 1.068352432486405768e+00 -3.029109390332316853e-01 -7.407354311675662384e-01 -3.060213123187626172e-01
8.819613988743160160e-01 -3.855842423320219869e-01 -2.710514405992022202e-01 1.343510403742379476e-02 6.069030516860593472e-02 6.632084863611239500e-01 -7.459699700933751787e-01 -1.061304515556643450e-02 4.673978798915447985e-01 6.414665236647779656e-01 6.083255098645584669e-01 -4.821504185908228463e-02 0.000000000000000000e+00 0.000000000000000000e+00 0.000000000000000000e+00 1.000000000000000000e+00 -2.741495402418476335e+00 1.435340019826948921e-01 1.122900009535272581e+00 -3.290605096123895290e-01 -7.650876242700499485e-01 -3.147321083761461247e-01
8.799759574490303438e-01 -3.867887214931908235e-01 -2.757477102587531093e-01 1.385993516360647937e-02 6.512541739889612935e-02 6.732545063675303698e-01 -7.365372059224853940e-01 -1.214325944279708198e-02 4.705326712849375870e-01 6.301768482232094071e-01 6.176375559274313032e-01 -5.245709620554150909e-02 0.000000000000000000e+00 0.000000000000000000e+00 0.000000000000000000e+00 1.000000000000000000e+00 -2.873583377949868733e+00 1.855265810818060856e-01 1.166689405902997967e+00 -3.555651929499361041e-01 -7.883217565203317623e-01 -3.183518566932963534e-01
8.779723286421035056e-01 -3.879140623097362406e-01 -2.805125146441609929e-01 1.422895197143010312e-02 6.990076722086538408e-02 6.835781324667689063e-01 -7.265224193281039078e-01 -1.381711130697781467e-02 4.735804824510844169e-01 6.182585402927117668e-01 6.272781754857060799e-01 -5.681256706996865719e-02 0.000000000000000000e+00 0.000000000000000000e+00 0.000000000000000000e+00 1.000000000000000000e+00 -2.989545414686253011e+00 2.298658665046925953e-01 1.200794233864214355e+00 -3.823842155923993236e-01 -8.104998916550719690e-01 -3.175814582362849192e-01
8.759738096760643078e-01 -3.889340984110107868e-01 -2.853071193097962976e-01 1.453367053276097449e-02 7.499337787691424950e-02 6.941030864913571019e-01 -7.159587313349585758e-01 -1.565213057823161211e-02 4.764933142909756336e-01 6.057649528222273094e-01 6.371836069349724463e-01 -6.126220673928706867e-02 0.000000000000000000e+00 0.000000000000000000e+00 0.000000000000000000e+00 1.000000000000000000e+00 -3.091067137753873872e+00 2.764010145949540309e-01 1.226180497067705932e+00 -4.094772739881774037e-01 -8.316852627568456224e-01 -3.130272449512609967e-01
8.740021629691068217e-01 -3.898264083283472514e-01 -2.900958306811503573e-01 1.476618005771046169e-02 8.038046102345915156e-02 7.047609846664483202e-01 -7.048765441317781377e-01 -1.766306002433981615e-02 4.792277132916766269e-01 5.927455875591348677e-01 6.472970515363430932e-01 -6.578805246037920662e-02 0.000000000000000000e+00 0.000000000000000000e+00 0.000000000000000000e+00 1.000000000000000000e+00 -3.179640032530421045e+00 3.249683510497255456e-01 1.243719333942927552e+00 -4.368049717532169196e-01 -8.519401494050932167e-01 -3.052142527703073926e-01
8.720776741821216760e-01 -3.905720352412122010e-01 -2.948457494660158829e-01 1.491908408403095319e-02 8.603924758958955699e-02 7.154906411985141323e-01 -6.933039714347540849e-01 -1.986217963283894855e-02 4.817445159927752907e-01 5.792466084435234919e-01 6.575679384582004960e-01 -7.037326760508615109e-02 0.000000000000000000e+00 0.000000000000000000e+00 0.000000000000000000e+00 1.000000000000000000e+00 -3.256585533762886175e+00 3.753961489358438874e-01 1.254197783066209659e+00 -4.643291323774089707e-01 -8.713245030549232606e-01 -2.945976322344214249e-01
8.702191944330691653e-01 -3.911552100001330912e-01 -2.995265528212239237e-01 1.498545184053573162e-02 9.194688487558433376e-02 7.262374298450773313e-01 -6.812671814307208473e-01 -2.225958987729191249e-02 4.840085997868343592e-01 5.653112443213160754e-01 6.679512543706698224e-01 -7.500200779505282467e-02 0.000000000000000000e+00 0.000000000000000000e+00 0.000000000000000000e+00 1.000000000000000000e+00 -3.323075867400480110e+00 4.275084267307127650e-01 1.258327961933993988e+00 -4.920130092746019534e-01 -8.898951061386646266e-01 -2.815724398762705638e-01
8.684441718570988789e-01 -3.915630809087079500e-01 -3.041103000084603436e-01 1.495877797679020203e-02 9.808038380143996315e-02 7.369526996492320459e-01 -6.687906723951138055e-01 -2.486345896273646147e-02 4.859886412130670075e-01 5.509801066639345990e-01 6.784069343445153777e-01 -7.965930767150936065e-02 0.000000000000000000e+00 0.000000000000000000e+00 0.000000000000000000e+00 1.000000000000000000e+00 -3.380152122677689164e+00 4.811279330134761167e-01 1.256754960975928537e+00 -5.198214132874758864e-01 -9.077051076230668869e-01 -2.664820276529710208e-01
8.667686764756813433e-01 -3.917854528388277080e-01 -3.085712575398490976e-01 1.483294919771752270e-02 1.044166035527765019e-01 7.475932408087230252e-01 -6.558974965077672969e-01 -2.768023856668130889e-02 4.876568825821530062e-01 5.362914422592318653e-01 6.888993103267641027e-01 -8.433098482196248191e-02 0.000000000000000000e+00 0.000000000000000000e+00 0.000000000000000000e+00 1.000000000000000000e+00 -3.428739955612054136e+00 5.360784626983229328e-01 1.250063687313224703e+00 -5.477207753033125348e-01 -9.248038202177031319e-01 -2.496252231472730065e-01
8.652074213647465983e-01 -3.918145375272236719e-01 -3.128857407650011413e-01 1.460221661592843272e-02 1.109322635690362518e-01 7.581207966817985477e-01 -6.426094438221943150e-01 -3.071485211523785480e-02 4.889889075412561237e-01 5.212813363479503748e-01 6.993966132690361270e-01 -8.900355803185812376e-02 0.000000000000000000e+00 0.000000000000000000e+00 0.000000000000000000e+00 1.000000000000000000e+00 -3.469663262627815215e+00 5.921866283268437670e-01 1.238784841831105377e+00 -5.756791590107913636e-01 -9.412366958559710284e-01 -2.312624702351792627e-01
8.637737823351339106e-01 -3.916447163193028658e-01 -3.170319695659562509e-01 1.426117285292722789e-02 1.176039749943056656e-01 7.685016181056171236e-01 -6.289471955611979359e-01 -3.397085917658180382e-02 4.899634260167413657e-01 5.059838781555033860e-01 7.098705249675663076e-01 -9.366417755245462495e-02 0.000000000000000000e+00 0.000000000000000000e+00 0.000000000000000000e+00 1.000000000000000000e+00 -3.503656111279326524e+00 6.492831901943060258e-01 1.223400174345498304e+00 -6.036662363044088542e-01 -9.570454192669075599e-01 -2.116210786666758437e-01
8.624761869245656243e-01 -3.912842113850403813e-01 -3.209851920694708483e-01 1.380604534675434168e-02 1.244153859374769883e-01 7.786973205134521958e-01 -6.149400796410952053e-01 -3.744802640415285239e-02 4.905666515175525211e-01 4.904356785026734444e-01 7.202896720752779425e-01 -9.830350564731615837e-02 0.000000000000000000e+00 0.000000000000000000e+00 0.000000000000000000e+00 1.000000000000000000e+00 -3.526440501100921665e+00 7.071913463405671285e-01 1.208019407419319124e+00 -6.316593367427810746e-01 -9.722504433758745179e-01 -1.925333820962294995e-01
8.613164172646449179e-01 -3.907598332719355305e-01 -3.247164650809968300e-01 1.323526562434159705e-02 1.313602554932909450e-01 7.886618235741493788e-01 -6.006305171271194565e-01 -4.114155979227776538e-02 4.907937586299503385e-01 4.746780872720307021e-01 7.306176879869717977e-01 -1.029169934041824497e-01 0.000000000000000000e+00 0.000000000000000000e+00 0.000000000000000000e+00 1.000000000000000000e+00 -3.536729468922738207e+00 7.655920379157199473e-01 1.194544733580432005e+00 -6.596457194149007996e-01 -9.868421119489734217e-01 -1.748241680592432234e-01
8.602935874455170939e-01 -3.901030404882872560e-01 -3.281989668956467043e-01 1.254799179416408138e-02 1.384343555147547755e-01 7.983519606144651171e-01 -5.860632073387138652e-01 -4.504531026912489411e-02 4.906433261821627756e-01 4.587524066206721818e-01 7.408207353700725362e-01 -1.075015755814536927e-01 0.000000000000000000e+00 0.000000000000000000e+00 0.000000000000000000e+00 1.000000000000000000e+00 -3.536015002147115283e+00 8.241309180843040538e-01 1.182763075964227362e+00 -6.876152169279782234e-01 -1.000799975756299087e+00 -1.583684737643613616e-01
8.594061746912244892e-01 -3.893431312725852966e-01 -3.314105516302107701e-01 1.174338025912256486e-02 1.456316493609860208e-01 8.077319280792222278e-01 -5.712797579786803581e-01 -4.915325074867410438e-02 4.901147320274348296e-01 4.426974862003676958e-01 7.508704889918068615e-01 -1.120540310583574561e-01 0.000000000000000000e+00 0.000000000000000000e+00 0.000000000000000000e+00 1.000000000000000000e+00 -3.525617530441475633e+00 8.825033143148186543e-01 1.172485877391414411e+00 -7.155566816187676205e-01 -1.014103507994374986e+00 -1.430561415897223798e-01
8.586520430852948582e-01 -3.885073618066460788e-01 -3.343332162038031852e-01 1.082061021924331928e-02 1.529446444975186281e-01 8.167724558777541555e-01 -5.563188814541675242e-01 -5.345944347469894914e-02 4.892081413842486737e-01 4.265498692323356766e-01 7.607434584373629072e-01 -1.165710293803083747e-01 0.000000000000000000e+00 0.000000000000000000e+00 0.000000000000000000e+00 1.000000000000000000e+00 -3.506706171791776683e+00 9.404471761507232630e-01 1.163545722634017565e+00 -7.434579963279004389e-01 -1.026732722558121758e+00 -1.287900239135914282e-01
8.580284288344164345e-01 -3.876206483705903483e-01 -3.369531852221401835e-01 9.778974434773842969e-03 1.603639555190473909e-01 8.254501312240899447e-01 -5.412166751607335735e-01 -5.795789997474126709e-02 4.879248078143332834e-01 4.103441477947036842e-01 7.704200597093214808e-01 -1.210493300229775193e-01 0.000000000000000000e+00 0.000000000000000000e+00 0.000000000000000000e+00 1.000000000000000000e+00 -3.480315626365998227e+00 9.974734855842163350e-01 1.155608948104665412e+00 -7.713055139760776058e-01 -1.038668264353524773e+00 -1.155665869329528805e-01
8.575319862930160797e-01 -3.867056936539827738e-01 -3.392603716571244710e-01 8.617891696833539575e-03 1.678786992067155814e-01 8.337467347389525552e-01 -5.260067789714542030e-01 -6.264257960615149390e-02 4.862670417175468107e-01 3.941130480372390110e-01 7.798841424464938443e-01 -1.254858071107364248e-01 0.000000000000000000e+00 0.000000000000000000e+00 0.000000000000000000e+00 1.000000000000000000e+00 -3.447365629363929429e+00 1.053433151588418326e+00 1.148565313711934044e+00 -7.990841090286395776e-01 -1.049891862729252390e+00 -1.033010540677603978e-01
8.571588909263290201e-01 -3.857836527506479651e-01 -3.412471389022116997e-01 7.336821380505146803e-03 1.754778304001514411e-01 8.416485308525477604e-01 -5.107203622667861875e-01 -6.750754254612964522e-02 4.842377182662670476e-01 3.778871916720364377e-01 7.891229997507549498e-01 -1.298772518376127838e-01 0.000000000000000000e+00 0.000000000000000000e+00 0.000000000000000000e+00 1.000000000000000000e+00 -3.408671878746627026e+00 1.108295207784439462e+00 1.142384112097752258e+00 -8.267781109278676821e-01 -1.060387117849548533e+00 -9.188776788793265315e-02
8.569048830035724817e-01 -3.848743422591527907e-01 -3.429078054298084210e-01 5.935251961860973577e-03 1.831505320020533623e-01 8.491456802074786037e-01 -4.953862163210285274e-01 -7.254696996352558158e-02 4.818401240895170412e-01 3.616951206836817589e-01 7.981270203888738424e-01 -1.342203420447957984e-01 0.000000000000000000e+00 0.000000000000000000e+00 0.000000000000000000e+00 1.000000000000000000e+00 -3.364957192036985845e+00 1.162034507077893464e+00 1.137038980790552989e+00 -8.543716453454179849e-01 -1.070139710315621606e+00 -8.123126241910613721e-02
8.567652921190954673e-01 -3.839962901660804451e-01 -3.442384119561999190e-01 4.412714324020705105e-03 1.908862821463099269e-01 8.562317356206369245e-01 -4.800308835300148846e-01 -7.775514386779391884e-02 4.790779295698908702e-01 3.455634094567654468e-01 8.068892573688078995e-01 -1.385116685143348292e-01 0.000000000000000000e+00 0.000000000000000000e+00 0.000000000000000000e+00 1.000000000000000000e+00 -3.316862318440398028e+00 1.214630979433260372e+00 1.132507035881926694e+00 -8.818487356304509639e-01 -1.079137400435383531e+00 -7.124505814856858799e-02
8.567350629002121742e-01 -3.831667840353171206e-01 -3.452365110406970805e-01 2.768793249305651939e-03 1.986749080672262913e-01 8.629031915031578626e-01 -4.646787814920824711e-01 -8.312643103499839370e-02 4.759551596689706177e-01 3.295167729272338031e-01 8.154050457229357063e-01 -1.427477575317672165e-01 0.000000000000000000e+00 0.000000000000000000e+00 0.000000000000000000e+00 1.000000000000000000e+00 -3.264955422532941132e+00 1.266069001991896759e+00 1.128768141876297815e+00 -9.091933907101933388e-01 -1.087369985393015881e+00 -6.185062371356023908e-02
8.568087814482570064e-01 -3.824019180197643086e-01 -3.459009773239331009e-01 1.003137312651771092e-03 2.065066283714013240e-01 8.691590817706070782e-01 -4.493523228164258976e-01 -8.865527031798504931e-02 4.724761640611959690e-01 3.135781715027844418e-01 8.236716645806261283e-01 -1.469250902124999147e-01 0.000000000000000000e+00 0.000000000000000000e+00 0.000000000000000000e+00 1.000000000000000000e+00 -3.209740410150228485e+00 1.316336863881647057e+00 1.125804302133590395e+00 -9.363896805093980813e-01 -1.094829226829332036e+00 -5.297648047797457599e-02
8.569806656923186772e-01 -3.817163524563085275e-01 -3.462322427539559766e-01 -8.844810221547141568e-04 2.143715864032913476e-01 8.750006929575652181e-01 -4.340721337640980892e-01 -9.433609647955221167e-02 4.686458820116310986e-01 2.977690709340568564e-01 8.316878164245417038e-01 -1.510402423087950086e-01 0.000000000000000000e+00 0.000000000000000000e+00 0.000000000000000000e+00 1.000000000000000000e+00 -3.151663509880009872e+00 1.365236452828388014e+00 1.123466300510618687e+00 -9.634212618563697816e-01 -1.101508608656264432e+00 -4.461654094429082923e-02
8.572445500453064193e-01 -3.811229189660633732e-01 -3.462327297079887400e-01 -2.894078924129300009e-03 2.222591631447066174e-01 8.804313733615414250e-01 -4.188573364311783953e-01 -1.001632396945935505e-01 4.644702864434768208e-01 2.821097720693957478e-01 8.394530575768692771e-01 -1.550900922679510074e-01 0.000000000000000000e+00 0.000000000000000000e+00 0.000000000000000000e+00 1.000000000000000000e+00 -3.091121498364246545e+00 1.412485186205134635e+00 1.121539145276339244e+00 -9.902705730938792250e-01 -1.107403108384218404e+00 -3.680120514093789680e-02
8.575939660884424054e-01 -3.806328348067394840e-01 -3.459063970191232906e-01 -5.025487323148237692e-03 2.301583921787623277e-01 8.854562406386470297e-01 -4.037256092299730814e-01 -1.061309718103349981e-01 4.599561990341056172e-01 2.666193861756119277e-01 8.469677705138837220e-01 -1.590717697259088070e-01 0.000000000000000000e+00 0.000000000000000000e+00 0.000000000000000000e+00 1.000000000000000000e+00 -3.028469400285513036e+00 1.458035199887540490e+00 1.119963240798323101e+00 -1.016919164735740067e+00 -1.112509349454102514e+00 -2.949873747312690975e-02
8.580222332534191976e-01 -3.802560798888917626e-01 -3.452581093774226839e-01 -7.278405480510299029e-03 2.380585993253855059e-01 8.900818655366462551e-01 -3.886931734629778812e-01 -1.122335843706896708e-01 4.551109224568986589e-01 2.513157227507105129e-01 8.542332598342785577e-01 -1.629825300959765466e-01 0.000000000000000000e+00 0.000000000000000000e+00 0.000000000000000000e+00 1.000000000000000000e+00 -2.964023036669876099e+00 1.501847461734667100e+00 1.118684023778362180e+00 -1.043348363727893524e+00 -1.116825745378001944e+00 -2.268013551719648413e-02
8.585224970129293753e-01 -3.800014569445266943e-01 -3.442935027263002157e-01 -9.652400681926631698e-03 2.459494506487834575e-01 8.943160538691866668e-01 -3.737748931207593439e-01 -1.184653937731485751e-01 4.499422085951027550e-01 2.362153566394539217e-01 8.612516012796626041e-01 -1.668197602821349379e-01 0.000000000000000000e+00 0.000000000000000000e+00 0.000000000000000000e+00 1.000000000000000000e+00 -2.898063480084221766e+00 1.543890787988370095e+00 1.117651443453459903e+00 -1.069539346450750106e+00 -1.120352448168200343e+00 -1.631878168218386591e-02
8.590877661908153939e-01 -3.798766503370751835e-01 -3.430188649648567289e-01 -1.214690878864691306e-02 2.538209916694093016e-01 8.981676533924237704e-01 -3.589843699127585053e-01 -1.248207468061426628e-01 4.444582268491851784e-01 2.213336919191085383e-01 8.680255111167912707e-01 -1.705809830319333920e-01 0.000000000000000000e+00 0.000000000000000000e+00 0.000000000000000000e+00 1.000000000000000000e+00 -2.830840992228818020e+00 1.584140987345197926e+00 1.116819513665791241e+00 -1.095473209205958920e+00 -1.123091290950886556e+00 -1.039014379380668110e-02
8.597109491806250725e-01 -3.798882834543051423e-01 -3.414410303383100809e-01 -1.476123553431603862e-02 2.616636789041496547e-01 9.016463829267883368e-01 -3.443340334562400296e-01 -1.312940264035242777e-01 4.386675327209114128e-01 2.066850225580815770e-01 8.745582334969959071e-01 -1.742638601110631791e-01 0.000000000000000000e+00 0.000000000000000000e+00 0.000000000000000000e+00 1.000000000000000000e+00 -2.762578506361570874e+00 1.622580112500349836e+00 1.116145926088567997e+00 -1.121131036082040344e+00 -1.125045726447867267e+00 -4.871517717035267654e-03
8.603848888955235585e-01 -3.800419746238793972e-01 -3.395672860593019760e-01 -1.749455846641855689e-02 2.694684047149434325e-01 9.047626813202843676e-01 -3.298352265820955753e-01 -1.378796574847888090e-01 4.325790368249100570e-01 1.922825898650059595e-01 8.808534436412669422e-01 -1.778661944598178279e-01 0.000000000000000000e+00 0.000000000000000000e+00 0.000000000000000000e+00 1.000000000000000000e+00 -2.693474709212843266e+00 1.659195802444446866e+00 1.115591715458610800e+00 -1.146493964124002618e+00 -1.126220762618812321e+00 2.581939645896862146e-04
8.611023963040188578e-01 -3.803423914962306696e-01 -3.374052898493820618e-01 -2.034592944163895675e-02 2.772265163219430617e-01 9.075275740844681582e-01 -3.154982857538680685e-01 -1.445721127766367298e-01 4.262019744500019636e-01 1.781386367651676406e-01 8.869151649153949046e-01 -1.813859314717776172e-01 0.000000000000000000e+00 0.000000000000000000e+00 0.000000000000000000e+00 1.000000000000000000e+00 -2.623706770237970165e+00 1.693980701688438062e+00 1.115120969004075979e+00 -1.171543245753281282e+00 -1.126622896454204881e+00 5.018672386880331654e-03
8.618562824347125728e-01 -3.807933038484591082e-01 -3.349629972232547326e-01 -2.331427759411226416e-02 2.849298297298093474e-01 9.099525557505580009e-01 -3.013326166345899337e-01 -1.513659185340469615e-01 4.195458757678800499e-01 1.642644589620689544e-01 8.927476980588832101e-01 -1.848211595171483645e-01 0.000000000000000000e+00 0.000000000000000000e+00 0.000000000000000000e+00 1.000000000000000000e+00 -2.553432760095256437e+00 1.726931944989975598e+00 1.114700573402499506e+00 -1.196260308399152983e+00 -1.126260046675296334e+00 9.428346417849804012e-03
8.626393887592865850e-01 -3.813976347741028228e-01 -3.322485974593665237e-01 -2.639841270435483098e-02 2.925706392223951235e-01 9.120494861916198515e-01 -2.873467648724415957e-01 -1.582556600977611250e-01 4.126205367655806922e-01 1.506704530624180804e-01 8.983555610145885773e-01 -1.881701098171689734e-01 0.000000000000000000e+00 0.000000000000000000e+00 0.000000000000000000e+00 1.000000000000000000e+00 -2.482793795028706896e+00 1.758050698134573597e+00 1.114299993588839577e+00 -1.220626811313333171e+00 -1.125141485916614226e+00 1.350453407308781911e-02
8.634446158862417731e-01 -3.821575102355378450e-01 -3.292704573100350696e-01 -2.959702890466376149e-02 3.001417229999189806e-01 9.138304993383096209e-01 -2.735484822093423030e-01 -1.652359872404906560e-01 4.054359909602810452e-01 1.373661617616607766e-01 9.037434379739316404e-01 -1.914311557617812409e-01 0.000000000000000000e+00 0.000000000000000000e+00 0.000000000000000000e+00 1.000000000000000000e+00 -2.411915939286251920e+00 1.787341746954639543e+00 1.113891078579131166e+00 -1.244624699547282498e+00 -1.123277772827081300e+00 1.726356461059346675e-02
8.642649505186362768e-01 -3.830743069675188184e-01 -3.260370716034799998e-01 -3.290870866398479255e-02 3.076363454620654192e-01 9.153079228811625834e-01 -2.599447880455283411e-01 -1.723016192667428670e-01 3.980024819399673452e-01 1.243603162035715748e-01 9.089161364058284676e-01 -1.946028117502146548e-01 0.000000000000000000e+00 0.000000000000000000e+00 0.000000000000000000e+00 1.000000000000000000e+00 -2.340911893734896054e+00 1.814813128107259699e+00 1.113447890202353241e+00 -1.268236255077862529e+00 -1.120680684418427164e+00 2.072088410330794744e-02
8.650934906473678465e-01 -3.841486987313915136e-01 -3.225570199796681803e-01 -3.633192700171404554e-02 3.150482565788423339e-01 9.164942077029065715e-01 -2.465420266175575581e-01 -1.794473498413494406e-01 3.903304367611130088e-01 1.116608756410009118e-01 9.138785509770674942e-01 -1.976837316231518094e-01 0.000000000000000000e+00 0.000000000000000000e+00 0.000000000000000000e+00 1.000000000000000000e+00 -2.269882495372073095e+00 1.840475796227041494e+00 1.112946551257601113e+00 -1.291444145072104810e+00 -1.117363148907214221e+00 2.389114687340226917e-02
8.659234689675691099e-01 -3.853807009294378805e-01 -3.188389290826418865e-01 -3.986505588566808395e-02 3.223716887372706785e-01 9.174018659207466841e-01 -2.333459199669266626e-01 -1.866680515299612431e-01 3.824304402243614009e-01 9.927506453549880816e-02 9.186356333985439271e-01 -2.006727067455799096e-01 0.000000000000000000e+00 0.000000000000000000e+00 0.000000000000000000e+00 1.000000000000000000e+00 -2.198918049413744580e+00 1.864343322965426264e+00 1.112365110149561742e+00 -1.314231467286472554e+00 -1.113339179233949094e+00 2.678829481545793104e-02
8.667482745196083416e-01 -3.867697135974673683e-01 -3.148914396047199915e-01 -4.350636877458370633e-02 3.296013514050379345e-01 9.180434165420381376e-01 -2.203616168917330864e-01 -1.939586800412807510e-01 3.743132100410168639e-01 8.720940724124048860e-02 9.231923673464332847e-01 -2.035686637911672814e-01 0.000000000000000000e+00 0.000000000000000000e+00 0.000000000000000000e+00 1.000000000000000000e+00 -2.128099513007975840e+00 1.886431624158131148e+00 1.111683419514504445e+00 -1.336581792600391116e+00 -1.108623807395125560e+00 2.942562632926576383e-02
8.675614725681883854e-01 -3.883145628010765682e-01 -3.107231776433551085e-01 -4.725404527005043487e-02 3.367324239112348683e-01 9.184313378482134027e-01 -2.075937380848392189e-01 -2.013142781659341130e-01 3.659895728966222062e-01 7.546976042362353587e-02 9.275537477108809492e-01 -2.063706622719016781e-01 0.000000000000000000e+00 0.000000000000000000e+00 0.000000000000000000e+00 1.000000000000000000e+00 -2.057499547328118350e+00 1.906758711957479369e+00 1.110883026741714907e+00 -1.358479204688208819e+00 -1.103233019688288241e+00 3.181585632083408499e-02
8.683568227432804099e-01 -3.900135404669731187e-01 -3.063427298901481022e-01 -5.110617584679272990e-02 3.437605466084502903e-01 9.185780257222072587e-01 -1.950464176691655283e-01 -2.087299794108873618e-01 3.574704414127776175e-01 6.406134336531790763e-02 9.317247635179383147e-01 -2.090778918506660256e-01 0.000000000000000000e+00 0.000000000000000000e+00 0.000000000000000000e+00 1.000000000000000000e+00 -1.987183452798548799e+00 1.925344469251133894e+00 1.109947074630338593e+00 -1.379908336838221672e+00 -1.097183692943708211e+00 3.397116850670290483e-02
8.691282954752946877e-01 -3.918644426854641649e-01 -3.017586222241739335e-01 -5.506076663376149871e-02 3.506818106491655929e-01 9.184957572248366731e-01 -1.827233413444640797e-01 -2.162010113314003501e-01 3.487667920043999170e-01 5.298876631270172527e-02 9.357103839540864554e-01 -2.116896694692844971e-01 0.000000000000000000e+00 0.000000000000000000e+00 0.000000000000000000e+00 1.000000000000000000e+00 -1.917210000459794728e+00 1.942210444083749765e+00 1.108860210706655858e+00 -1.400854405932002056e+00 -1.090493531796953741e+00 3.590326106673902284e-02
8.698700867641312451e-01 -3.938646065237445537e-01 -2.969793013289146466e-01 -5.911574422162006043e-02 3.574927465819977002e-01 9.181966588064948143e-01 -1.706277813606333627e-01 -2.237226985648669841e-01 3.398896436266156673e-01 4.225605701379699791e-02 9.395155469975202678e-01 -2.142054363202366973e-01 0.000000000000000000e+00 0.000000000000000000e+00 0.000000000000000000e+00 1.000000000000000000e+00 -1.847632170955235242e+00 1.957379662120316555e+00 1.107608503968553926e+00 -1.421303243602042743e+00 -1.083181007042904875e+00 3.762338652973033770e-02
8.705766313277261137e-01 -3.960109453921006328e-01 -2.920131189942421490e-01 -6.326896047496917419e-02 3.641903119493883900e-01 9.176926786129206981e-01 -1.587626285307557894e-01 -2.312904655726604475e-01 3.308500374032486424e-01 3.186668559532451067e-02 9.431451502271499532e-01 -2.166247546866037210e-01 0.000000000000000000e+00 0.000000000000000000e+00 0.000000000000000000e+00 1.000000000000000000e+00 -1.778497811289158514e+00 1.970876455453467901e+00 1.106179368028271659e+00 -1.441241324590638362e+00 -1.075265295102316054e+00 3.914238664030299936e-02
8.712426141805579283e-01 -3.982999830067023295e-01 -2.868683188025175079e-01 -6.751819733009672975e-02 3.707718780473968079e-01 9.169955624084560331e-01 -1.471304214929831100e-01 -2.388998390974121644e-01 3.216590171272331045e-01 2.182358792161069941e-02 9.466040434396989500e-01 -2.189473046717806126e-01 0.000000000000000000e+00 0.000000000000000000e+00 0.000000000000000000e+00 1.000000000000000000e+00 -1.709850218340267292e+00 1.982726306273246974e+00 1.104561489796505702e+00 -1.460655792337963055e+00 -1.066766218625866847e+00 4.047072284143406889e-02
8.718629806964303119e-01 -4.007278859934135240e-01 -2.815530249314075473e-01 -7.186117156120273852e-02 3.772352159899368118e-01 9.161168326978080811e-01 -1.357333734245467771e-01 -2.465464503441036903e-01 3.123276106221294368e-01 1.212918757207098221e-02 9.498970227579899284e-01 -2.211728808379757605e-01 0.000000000000000000e+00 0.000000000000000000e+00 0.000000000000000000e+00 1.000000000000000000e+00 -1.641728657093644017e+00 1.992955704096044833e+00 1.102744762995189642e+00 -1.479534481832424753e+00 -1.057704188256946676e+00 4.161850291101981680e-02
8.724329452128303242e-01 -4.032904951771373869e-01 -2.760752328358630492e-01 -7.629553949997860962e-02 3.835784822037792141e-01 9.150677706785564913e-01 -1.245733964038869684e-01 -2.542260368940240656e-01 3.028668119531140457e-01 2.785416567112926692e-03 9.530288259601171763e-01 -2.233013887704395073e-01 0.000000000000000000e+00 0.000000000000000000e+00 0.000000000000000000e+00 1.000000000000000000e+00 -1.574168820658522705e+00 2.001592015397260838e+00 1.100720225906661964e+00 -1.497865939761549692e+00 -1.048100145572558262e+00 4.259550421088107580e-02
8.729479982363799184e-01 -4.059833556007439448e-01 -2.704428015982189293e-01 -8.081890169514580058e-02 3.898002034666165905e-01 9.138594007020713894e-01 -1.136521236084967607e-01 -2.619344443611069106e-01 2.932875644752729882e-01 -6.206265035225082272e-03 9.560041288002747439e-01 -2.253328415826495179e-01 0.000000000000000000e+00 0.000000000000000000e+00 0.000000000000000000e+00 1.000000000000000000e+00 -1.507203238352377905e+00 2.008663364615733915e+00 1.098480002866978333e+00 -1.515639442006833981e+00 -1.037975507221188698e+00 4.341119393987054320e-02
8.734039123104562208e-01 -4.088017453167129278e-01 -2.646634477589007717e-01 -8.542880750011189184e-02 3.958992615882048205e-01 9.125024769607202879e-01 -1.029709295268562141e-01 -2.696676278004634941e-01 2.836007447066616893e-01 -1.484485055755665160e-02 9.588275421280721966e-01 -2.272673563762651616e-01 0.000000000000000000e+00 0.000000000000000000e+00 0.000000000000000000e+00 1.000000000000000000e+00 -1.440861637439478260e+00 2.014198525602081791e+00 1.096017249093854895e+00 -1.532845008531148467e+00 -1.027352110276878117e+00 4.407474672733483617e-02
8.737967466070420963e-01 -4.117407029933625173e-01 -2.587447404610589974e-01 -9.012275957830918893e-02 4.018748778238265817e-01 9.110074721547392063e-01 -9.253094835303701804e-02 -2.774216528791103031e-01 2.738171470133449192e-01 -2.312976903024870773e-02 9.615036096447154845e-01 -2.291051506684922134e-01 0.000000000000000000e+00 0.000000000000000000e+00 0.000000000000000000e+00 1.000000000000000000e+00 -1.375171263501788310e+00 2.018226822671639109e+00 1.093326098507793720e+00 -1.549473415712367075e+00 -1.016252158829692442e+00 4.459505985729130678e-02
8.741228503053620758e-01 -4.147950543760133835e-01 -2.526940977608799765e-01 -9.489821831706313215e-02 4.077265970998641964e-01 9.093845679234096036e-01 -8.233309072241362658e-02 -2.851926968189837375e-01 2.639474690934479617e-01 -3.106086832959210897e-02 9.640368061619057904e-01 -2.308465387985220996e-01 0.000000000000000000e+00 0.000000000000000000e+00 0.000000000000000000e+00 1.000000000000000000e+00 -1.310157163881265685e+00 2.020778040498830475e+00 1.090401614260657848e+00 -1.565516206181856829e+00 -1.004698171834129683e+00 4.498076637576286368e-02
8.743788648199315450e-01 -4.179594376417322676e-01 -2.465187839715993479e-01 -9.975260614201342246e-02 4.134542721229498285e-01 9.076436468526503099e-01 -7.237805893661061751e-02 -2.929770491223632201e-01 2.540022982470954149e-01 -3.863839903762850830e-02 9.664315362531435971e-01 -2.324919283238864043e-01 0.000000000000000000e+00 0.000000000000000000e+00 0.000000000000000000e+00 1.000000000000000000e+00 -1.245842438155982057e+00 2.021882342155971291e+00 1.087239741731325315e+00 -1.580965696231299678e+00 -9.927129322384425913e-01 4.524024630244431050e-02
8.745617249403626614e-01 -4.212283276844787649e-01 -2.402259079235966044e-01 -1.046833117251961265e-01 4.190580474368249542e-01 9.057942858951993914e-01 -6.266636081550837345e-02 -3.007711120898047263e-01 2.439920984189613562e-01 -4.586299894242924086e-02 9.686921332076880997e-01 -2.340418164168610315e-01 0.000000000000000000e+00 0.000000000000000000e+00 0.000000000000000000e+00 1.000000000000000000e+00 -1.182248459190167189e+00 2.021570194657601682e+00 1.083837263784808602e+00 -1.595814980855966958e+00 -9.803194374193062721e-01 4.538163614211230407e-02
