9.504125338891245001e-01 -2.547760216074312911e-01 -1.783401083333285009e-01 0.000000000000000000e+00 2.856359407811481788e-01 4.883302065865944286e-01 8.245882115754277208e-01 0.000000000000000000e+00 -1.229964420644843875e-01 -8.346393162013060474e-01 5.368883376368815963e-01 0.000000000000000000e+00 0.000000000000000000e+00 0.000000000000000000e+00 0.000000000000000000e+00 1.000000000000000000e+00 -3.531268071470319292e-01 2.787756268461616393e-03 -1.625440365368900353e-01 -3.165942528592161076e-01 8.255166151037407474e-02 2.606538333737954405e-01
9.507068439182809749e-01 -2.537709025253817585e-01 -1.782044515337645740e-01 -1.839325840836840203e-03 2.848333111520282013e-01 4.874826262199060678e-01 8.253669938262149230e-01 8.191068075240675803e-04 -1.225825525560995666e-01 -8.354406133846244975e-01 5.357354754801675334e-01 4.241209181232359106e-04 0.000000000000000000e+00 0.000000000000000000e+00 0.000000000000000000e+00 1.000000000000000000e+00 -1.704503603478015605e-01 1.939581460242913724e-01 -1.622235057697331284e-01 -3.101491828985268873e-01 1.227283727124577339e-01 2.318650986650259982e-01
9.511684882139288533e-01 -2.529293478025554376e-01 -1.769329059610638966e-01 -3.673326389572231006e-03 2.832464424651297552e-01 4.873833479598144169e-01 8.259715043310879024e-01 1.628930252509901665e-03 -1.226782811402088863e-01 -8.357536824925950736e-01 5.352250202214087205e-01 5.974252603574373849e-04 0.000000000000000000e+00 0.000000000000000000e+00 0.000000000000000000e+00 1.000000000000000000e+00 1.052330079402774565e-02 3.831185473070282677e-01 -1.619031174111382754e-01 -3.039495908962989712e-01 1.630928392712613362e-01 2.030390876959034807e-01
9.517917932136027437e-01 -2.522479097056042341e-01 -1.745376066780950086e-01 -5.502227591812788171e-03 2.808821084959036152e-01 4.880259011488798926e-01 8.263993964367800649e-01 2.430434903652969273e-03 -1.232786465354063637e-01 -8.355846532937354354e-01 5.353509723323189862e-01 5.210357521800165021e-04 0.000000000000000000e+00 0.000000000000000000e+00 0.000000000000000000e+00 1.000000000000000000e+00 1.898094476702889555e-01 5.702903868463196080e-01 -1.615702650777033345e-01 -2.979133332250894495e-01 2.035667863901646224e-01 1.740880248692913412e-01
9.525679882646045371e-01 -2.517202296513244564e-01 -1.710296933027075361e-01 -7.326260706373111282e-03 2.777475589526591238e-01 4.894033775306559364e-01 8.266441976680851678e-01 3.224590151817559661e-03 -1.243805563761505167e-01 -8.349378787176165995e-01 5.361046701091571887e-01 1.960699431327210594e-04 0.000000000000000000e+00 0.000000000000000000e+00 0.000000000000000000e+00 1.000000000000000000e+00 3.674231761249909800e-01 7.554948880044221049e-01 -1.612127415078431214e-01 -2.919589116998924649e-01 2.440728422297973044e-01 1.449255629311638760e-01
9.534853086032502034e-01 -2.513371339747634270e-01 -1.664193924181510131e-01 -9.145658880169441757e-03 2.738505430471163682e-01 4.915084164662948396e-01 8.266954451753900646e-01 4.012372479102559869e-03 -1.259827301630912222e-01 -8.338160008072373897e-01 5.374748647807561230e-01 -3.763556730020715360e-04 0.000000000000000000e+00 0.000000000000000000e+00 0.000000000000000000e+00 1.000000000000000000e+00 5.433793753929678783e-01 9.387531041080647842e-01 -1.608187291891913784e-01 -2.860050523849692605e-01 2.845341392636788758e-01 1.154674772728371268e-01
9.545290921845875909e-01 -2.510867240019720170e-01 -1.607161240725725748e-01 -1.096065367499394691e-02 2.691993509444682853e-01 4.943331733565302644e-01 8.265388231041470579e-01 4.794767636987867093e-03 -1.280856117565803975e-01 -8.322200265672404784e-01 5.394477783287846551e-01 -1.195121582371393675e-03 0.000000000000000000e+00 0.000000000000000000e+00 0.000000000000000000e+00 1.000000000000000000e+00 7.176926995650444452e-01 1.120085949482703569e+00 -1.603767911903560828e-01 -2.799703094991501384e-01 3.248739374220496190e-01 8.563233395245717361e-02
9.556818712007588701e-01 -2.509544611511398959e-01 -1.539286306447092967e-01 -1.277147150157571798e-02 2.638028717572727389e-01 4.978692724737192044e-01 8.261563022634734743e-01 5.572772680356180390e-03 -1.306912720262207173e-01 -8.301494131272231236e-01 5.420071454559132196e-01 -2.259101229782799897e-03 0.000000000000000000e+00 0.000000000000000000e+00 0.000000000000000000e+00 1.000000000000000000e+00 8.903775414549410794e-01 1.299514228293360718e+00 -1.598758621931099799e-01 -2.737726980425284062e-01 3.650152724546293359e-01 5.534213693612215212e-02
9.569234592391083760e-01 -2.509232478958457468e-01 -1.460651264640936975e-01 -1.457832992025323224e-02 2.576706667719476651e-01 5.021077453890516740e-01 8.255262826532061560e-01 6.347397804755176842e-03 -1.338033021525577848e-01 -8.276021617484159432e-01 5.451342412116486624e-01 -3.567157063762141887e-03 0.000000000000000000e+00 0.000000000000000000e+00 0.000000000000000000e+00 1.000000000000000000e+00 1.061448008747976512e+00 1.477058661292106834e+00 -1.593052397210762972e-01 -2.673293584958301161e-01 4.048806326863840233e-01 2.452295942496633685e-02
9.582310351274785365e-01 -2.509735055187474195e-01 -1.371334666682530179e-01 -1.638143377213390622e-02 2.508130566159306185e-01 5.070389561649041310e-01 8.246237395657084468e-01 7.119667934475708282e-03 -1.374266979762290841e-01 -8.245749202965724223e-01 5.488078958498158189e-01 -5.118136662025540851e-03 0.000000000000000000e+00 0.000000000000000000e+00 0.000000000000000000e+00 1.000000000000000000e+00 1.230917902316231327e+00 1.652739910568202131e+00 -1.586545755609602426e-01 -2.605562567197535206e-01 4.443916671283315578e-01 -6.894436523584700216e-03
9.595731217601227714e-01 -2.510967763276991116e-01 -1.271606786243029141e-01 -1.818181615454777730e-02 2.432650370504697290e-01 5.126490246988077981e-01 8.234155111091567836e-01 7.895825914833828896e-03 -1.415681793805777244e-01 -8.210611362108851674e-01 5.530072915802006772e-01 -6.907396828218282693e-03 0.000000000000000000e+00 0.000000000000000000e+00 0.000000000000000000e+00 1.000000000000000000e+00 1.398779776749858872e+00 1.818527633425978562e+00 -1.522919096043149900e-01 -2.533730122284538200e-01 4.834809712696184758e-01 -3.644867384064604671e-02
9.609032444085606750e-01 -2.513133756524358886e-01 -1.162176739123008951e-01 -1.998217123498535405e-02 2.351168975404915873e-01 5.189156710929924143e-01 8.218555687383252151e-01 8.693895090866919986e-03 -1.462361216221740867e-01 -8.170484176639738472e-01 5.577157731171488164e-01 -8.922301242116639775e-03 0.000000000000000000e+00 0.000000000000000000e+00 0.000000000000000000e+00 1.000000000000000000e+00 1.564970639961042798e+00 1.964249813756663521e+00 -1.330228722739922598e-01 -2.457143993470600751e-01 5.221117311413210338e-01 -6.098045957760460378e-02
9.621694116090301341e-01 -2.516573282599653960e-01 -1.043964482106913977e-01 -2.178553630680755970e-02 2.264866748875447033e-01 5.258126971737834277e-01 8.198931631682024879e-01 9.537486094331956710e-03 -1.514391412750341337e-01 -8.125205229566250242e-01 5.629179249536055973e-01 -1.114617920804915341e-02 0.000000000000000000e+00 0.000000000000000000e+00 0.000000000000000000e+00 1.000000000000000000e+00 1.729388825040381272e+00 2.091466531215699920e+00 -1.017550617275312375e-01 -2.375299443265747601e-01 5.602692422984694165e-01 -8.097721168276185433e-02
9.633236046733428815e-01 -2.521578052010521320e-01 -9.178278742942383439e-02 -2.359403439161782828e-02 2.174867927194434336e-01 5.333148478498146439e-01 8.174807482747725729e-01 1.044845166531551198e-02 -1.571850241677799631e-01 -8.074600412797843241e-01 5.685957739894941243e-01 -1.356316814021406129e-02 0.000000000000000000e+00 0.000000000000000000e+00 0.000000000000000000e+00 1.000000000000000000e+00 1.891926916463400055e+00 2.201434831094003730e+00 -5.918355848085091186e-02 -2.287751145730673175e-01 5.979439356041870157e-01 -9.682542570303370733e-02
9.643216399120223548e-01 -2.528402626537420428e-01 -7.845752129114409723e-02 -2.540892357224278086e-02 2.082256786259206183e-01 5.413974314596001758e-01 8.145740568140775739e-01 1.144722554732105664e-02 -1.634804140222774482e-01 -8.018482568748490635e-01 5.747290942517304657e-01 -1.615795267368910770e-02 0.000000000000000000e+00 0.000000000000000000e+00 0.000000000000000000e+00 1.000000000000000000e+00 2.052475734571092225e+00 2.295175126949950073e+00 -5.836194010892303830e-03 -2.194086951879970215e-01 6.351306914060257380e-01 -1.088313399232520434e-01
9.651230541563428078e-01 -2.537273615490817646e-01 -6.449746285250873568e-02 -2.723063288292739206e-02 1.988089952409925476e-01 5.500359878006199077e-01 8.111321729097321631e-01 1.255308073126708800e-02 -1.703304963421674867e-01 -7.956650317459099675e-01 5.812956942819652584e-01 -1.891555444251999396e-02 0.000000000000000000e+00 0.000000000000000000e+00 0.000000000000000000e+00 1.000000000000000000e+00 2.210927502415704460e+00 2.373522391338782622e+00 5.789157363615465846e-02 -2.093908079005115663e-01 6.718282471008292234e-01 -1.172369196049557749e-01
9.656910055532311743e-01 -2.548397106181138350e-01 -4.997609560418391633e-02 -2.905878762013739541e-02 1.893405613492211426e-01 5.592059932175887926e-01 8.071175972059149162e-01 1.378432313504234126e-02 -1.777386785704808403e-01 -7.888887019277889268e-01 5.882716917747009555e-01 -2.182116235175944607e-02 0.000000000000000000e+00 0.000000000000000000e+00 0.000000000000000000e+00 1.000000000000000000e+00 2.367178493636829195e+00 2.437168406551903921e+00 1.317078378008527673e-01 -1.986813646853585191e-01 7.080386571065967471e-01 -1.222331167573942196e-01
9.659921833820327430e-01 -2.561964555601697335e-01 -3.496404275675647072e-02 -3.089222649132889256e-02 1.799230051532781094e-01 5.688825946204345563e-01 8.024963008474038650e-01 1.515842970656974126e-02 -1.857062682973014967e-01 -7.814959853184093586e-01 5.956317758395023310e-01 -2.485999817349940355e-02 0.000000000000000000e+00 0.000000000000000000e+00 0.000000000000000000e+00 1.000000000000000000e+00 2.521131371578722469e+00 2.486699775946835889e+00 2.153981988809058334e-01 -1.872388106593370349e-01 7.437667606556768174e-01 -1.239718798637900188e-01
9.659967120536315788e-01 -2.578157524833052938e-01 -1.952937700729399234e-02 -3.272901344548370672e-02 1.706582206216361863e-01 5.790403602343292544e-01 7.972377565625623497e-01 1.669214609524449777e-02 -1.942321503663708426e-01 -7.734618961282349048e-01 6.033494616306246394e-01 -2.801720779988860904e-02 0.000000000000000000e+00 0.000000000000000000e+00 0.000000000000000000e+00 1.000000000000000000e+00 2.672697316813148483e+00 2.522617192682122589e+00 3.088126197520330574e-01 -1.750190710993572429e-01 7.790196486262355169e-01 -1.225723672463143177e-01
9.656780390068773201e-01 -2.597151520874467767e-01 -3.737812228323155600e-03 -3.456644624884559758e-02 1.616476771468467466e-01 5.896530372614101623e-01 7.913149386428552923e-01 1.840155452849786405e-02 -2.033124630436085600e-01 -7.647596626440135159e-01 6.113973396319979381e-01 -3.127777144160392292e-02 0.000000000000000000e+00 0.000000000000000000e+00 0.000000000000000000e+00 1.000000000000000000e+00 2.821798006196296615e+00 2.545357370239284212e+00 4.118503538807564146e-01 -1.619746452233131184e-01 8.138061216823337940e-01 -1.181280432759218429e-01
9.650128041705408055e-01 -2.619118944203290278e-01 1.234721870616892897e-02 -3.640106310304882381e-02 1.529925861344423599e-01 6.006933115440497017e-01 7.847042898892446772e-01 2.030211272536289191e-02 -2.129402745685338438e-01 -7.553606500434448812e-01 6.197473148517601560e-01 -3.462643313549410018e-02 0.000000000000000000e+00 0.000000000000000000e+00 0.000000000000000000e+00 1.000000000000000000e+00 2.968367513285371739e+00 2.555311786666637719e+00 5.244469816812900032e-01 -1.480537978710489699e-01 8.481361060029022347e-01 -1.107128387431139810e-01
9.639806845860900975e-01 -2.644231228726643956e-01 2.866458209758560374e-02 -3.822864890568999918e-02 1.447939444119443753e-01 6.121325621219139146e-01 7.773856502084454112e-01 2.240866824732052828e-02 -2.231052611690656218e-01 -7.452342890140712939e-01 6.283708328905015517e-01 -3.804764746016355698e-02 0.000000000000000000e+00 0.000000000000000000e+00 0.000000000000000000e+00 1.000000000000000000e+00 3.112354152752374148e+00 2.552842531896123202e+00 6.465633593336481688e-01 -1.331998240205319040e-01 8.820200093717869283e-01 -1.003864639806885395e-01
9.625689387854539092e-01 -2.672500758023015344e-01 4.514910268330388915e-02 -4.004397347191659962e-02 1.371415657570863866e-01 6.239249265194752869e-01 7.693568006405387960e-01 2.474156306614174600e-02 -2.337803096841384876e-01 -7.343671360363041023e-01 6.372218477515166901e-01 -4.152056316460760871e-02 0.000000000000000000e+00 0.000000000000000000e+00 0.000000000000000000e+00 1.000000000000000000e+00 3.244308154961177859e+00 2.538240986462413584e+00 7.711483798482479113e-01 -1.173865797055204385e-01 9.154937008330870096e-01 -8.402824639379220806e-02
9.607814699136684178e-01 -2.703467986515641908e-01 6.173801027019047705e-02 -4.184127448003450989e-02 1.300856129352058743e-01 6.360125237340216175e-01 7.606351380081353142e-01 2.731472447141108581e-02 -2.449014180625039283e-01 -7.227729144698535890e-01 6.462372758164931508e-01 -4.502864527790448324e-02 0.000000000000000000e+00 0.000000000000000000e+00 0.000000000000000000e+00 1.000000000000000000e+00 3.364292837268974434e+00 2.514714775723744911e+00 8.844404026262708829e-01 -1.006138175430643933e-01 9.485685950712932080e-01 -6.774319202023740272e-02
9.586373948837028092e-01 -2.736276087200107399e-01 7.837272006669081248e-02 -4.361529814025133511e-02 1.236422397745590707e-01 6.483441190060168502e-01 7.512406475763609981e-01 3.012542517393944005e-02 -2.563726699507047346e-01 -7.104771939777055900e-01 6.553588468879874007e-01 -4.856853663120019871e-02 0.000000000000000000e+00 0.000000000000000000e+00 0.000000000000000000e+00 1.000000000000000000e+00 3.473342719406232071e+00 2.480778995271193832e+00 9.823827642679483496e-01 -8.287516981603187949e-02 9.811834865503110681e-01 -5.381957733797983895e-02
9.561621112673251988e-01 -2.770024414760855480e-01 9.499300380802709609e-02 -4.536115540459346313e-02 1.178196369255342102e-01 6.608710255602183725e-01 7.411936533796823490e-01 3.316662441993300375e-02 -2.680905712549431219e-01 -6.975092424487449039e-01 6.645361612949080010e-01 -5.214037704885458174e-02 0.000000000000000000e+00 0.000000000000000000e+00 0.000000000000000000e+00 1.000000000000000000e+00 3.572124568306294101e+00 2.437171495286721168e+00 1.065803369384721533e+00 -6.417034878402125275e-02 1.013256642777735639e+00 -4.207993027594195135e-02
9.533838192606102213e-01 -2.803885123343121677e-01 1.115418384404620877e-01 -4.707405985561696760e-02 1.126211653072814733e-01 6.735450426264398827e-01 7.305159547223309957e-01 3.643172386499734378e-02 -2.799567298859975129e-01 -6.839001142159524260e-01 6.737246252166774196e-01 -5.574388984550673887e-02 0.000000000000000000e+00 0.000000000000000000e+00 0.000000000000000000e+00 1.000000000000000000e+00 3.661214663455043983e+00 2.384555900524179872e+00 1.135434727246497522e+00 -4.450982576392457923e-02 1.044708584036539545e+00 -3.233600395960378043e-02
9.503334211918481600e-01 -2.837099674726977216e-01 1.279650317730512410e-01 -4.874930439137946381e-02 1.080453144871363208e-01 6.863187134893250496e-01 7.192307315793300404e-01 3.991458607702120381e-02 -2.918777191680911876e-01 -6.696829746790184945e-01 6.828851426193320862e-01 -5.937835222227059312e-02 0.000000000000000000e+00 0.000000000000000000e+00 0.000000000000000000e+00 1.000000000000000000e+00 3.741115728445225663e+00 2.323540409520691963e+00 1.191937991016117859e+00 -2.391509218028249964e-02 1.075463674572350925e+00 -2.439088412636554459e-02
9.470443294255320721e-01 -2.868976138572045809e-01 1.442109695817265780e-01 -5.038223521992442333e-02 1.040857074619912920e-01 6.991455989449218977e-01 7.073624311025508149e-01 4.360954271775307339e-02 -3.037650539865581756e-01 -6.548932733709575960e-01 6.919838148878075801e-01 -6.304256766650265242e-02 0.000000000000000000e+00 0.000000000000000000e+00 0.000000000000000000e+00 1.000000000000000000e+00 3.812271044402643749e+00 2.254692737518693146e+00 1.235922463860550602e+00 -2.418618785078378158e-03 1.105451552954585637e+00 -1.804114829364147563e-02
9.435521959240842360e-01 -2.898887043485054993e-01 1.602304565248471313e-01 -5.196822443457765894e-02 1.007311564190104813e-01 7.119805582300219315e-01 6.949366381059658426e-01 4.751139277677891848e-02 -3.155352471078086141e-01 -6.395687866134300847e-01 7.009916423726171297e-01 -6.673484125425412083e-02 0.000000000000000000e+00 0.000000000000000000e+00 0.000000000000000000e+00 1.000000000000000000e+00 3.875076269628800585e+00 2.178551931169320444e+00 1.267961395994142926e+00 1.993646195737979951e-02 1.134608387801875784e+00 -1.307905635688228971e-02
9.398945757656673727e-01 -2.926267577053804358e-01 1.759766283585343094e-01 -5.350264238778825593e-02 9.796577234079419105e-02 7.247800294286553813e-01 6.819799327693747415e-01 5.161539134604406498e-02 -3.271099179554717296e-01 -6.237495481135441056e-01 7.098842233132376389e-01 -7.045295869069553851e-02 0.000000000000000000e+00 0.000000000000000000e+00 0.000000000000000000e+00 1.000000000000000000e+00 3.929889367830363689e+00 2.095637600041643456e+00 1.288604690949123777e+00 4.309692344269928921e-02 1.162877945419350745e+00 -9.294750465295801081e-03
9.361105365287138991e-01 -2.950613967532517701e-01 1.914049169341831003e-01 -5.498083101710222326e-02 9.576912960508014716e-02 7.375023015284454253e-01 6.685197390394199690e-01 5.591722953998023299e-02 -3.384159301744925075e-01 -6.074776840961150226e-01 7.186414469562620866e-01 -7.419416984052884523e-02 0.000000000000000000e+00 0.000000000000000000e+00 0.000000000000000000e+00 1.000000000000000000e+00 3.977038954906861878e+00 2.006456980153719538e+00 1.298388991189259434e+00 6.700023307247887638e-02 1.190212457588507799e+00 -6.478439487300554842e-03
9.322402253814958684e-01 -2.971481910886205058e-01 2.064730526508094521e-01 -5.639807919793147356e-02 9.411648503103167696e-02 7.501077706959698999e-01 6.545841673224478408e-01 6.041300628482264984e-02 -3.493855378458168293e-01 -5.907971684873325469e-01 7.272471790604801978e-01 -7.795517739692509052e-02 0.000000000000000000e+00 0.000000000000000000e+00 0.000000000000000000e+00 1.000000000000000000e+00 4.016831304074220732e+00 1.911510153278466850e+00 1.297845507124152142e+00 9.157552890975113880e-02 1.216573280584776429e+00 -4.422540870056800022e-03
9.283244057628391444e-01 -2.988484935255413255e-01 2.211410916542551064e-01 -5.774960110101591548e-02 9.297904917790070223e-02 7.625591739563983840e-01 6.402018550571764166e-01 6.509919281753143161e-02 -3.599565234194201935e-01 -5.737535130002282546e-01 7.356889393022785217e-01 -8.173213121495437328e-02 0.000000000000000000e+00 0.000000000000000000e+00 0.000000000000000000e+00 1.000000000000000000e+00 4.049556195893515564e+00 1.811293682188623633e+00 1.287505878745068832e+00 1.167447503038414602e-01 1.241931340255283400e+00 -2.923750715356237054e-03
9.244039755617369236e-01 -3.001292621069505118e-01 2.353714572857662501e-01 -5.903051841625390345e-02 9.232430615135669982e-02 7.748217942813666603e-01 6.254018086300532353e-01 6.997259084513142435e-02 -3.700723134332109532e-01 -5.563934065137882135e-01 7.439575713070112339e-01 -8.552062869641333109e-02 0.000000000000000000e+00 0.000000000000000000e+00 0.000000000000000000e+00 1.000000000000000000e+00 4.075491759781296075e+00 1.706302878739516471e+00 1.267906307593339887e+00 1.424238859929503886e-01 1.266267362426136245e+00 -1.785011770846395372e-03
9.205194785924583067e-01 -3.009628619221768608e-01 2.491289871946336665e-01 -6.023584716888476936e-02 9.211637676603483260e-02 7.868636320838798826e-01 6.102132498603276556e-01 7.503028541384186567e-02 -3.796820609462335239e-01 -5.387643177299357156e-01 7.520469070910869025e-01 -8.931572146121501132e-02 0.000000000000000000e+00 0.000000000000000000e+00 0.000000000000000000e+00 1.000000000000000000e+00 4.094908424005991421e+00 1.597032893143248700e+00 1.239590162683463781e+00 1.685243020167539740e-01 1.289571892759866722e+00 -8.173489809956037281e-04
9.167106208448622118e-01 -3.013268431929474467e-01 2.623809792164147336e-01 -6.136048970048435525e-02 9.231641869716208926e-02 7.986555392545245935e-01 5.946654699474149819e-01 8.026959361860513953e-02 -3.887406863622867581e-01 -5.209140746208216211e-01 7.599534285717884918e-01 -9.311192838082305023e-02 0.000000000000000000e+00 0.000000000000000000e+00 0.000000000000000000e+00 1.000000000000000000e+00 4.108072069884284971e+00 1.483978794680758106e+00 1.203109242758468866e+00 1.949541115522579748e-01 1.311845115172344034e+00 1.584566335900538647e-04
9.130156316645230419e-01 -3.012044147520141490e-01 2.750970083161163870e-01 -6.239929952720116996e-02 9.288350627416591676e-02 8.101708214851774947e-01 5.787883092982826216e-01 8.568786159992253237e-02 -3.972091582260194875e-01 -5.028907939482993861e-01 7.676755447407633826e-01 -9.690344735315600810e-02 0.000000000000000000e+00 0.000000000000000000e+00 0.000000000000000000e+00 1.000000000000000000e+00 4.114943520596636262e+00 1.367635842839216131e+00 1.159248691625627492e+00 2.216206496145524396e-01 1.333095335898439204e+00 1.210615831174673964e-03
9.094693240546875002e-01 -3.005905352581160761e-01 2.872470816003317440e-01 -6.334770380344606489e-02 9.377906849836037395e-02 8.213812026900687568e-01 5.626174711961053898e-01 9.128116217329806936e-02 -4.050568351544576173e-01 -4.847455623507849198e-01 7.752101057951720220e-01 -1.006858725482499134e-01 0.000000000000000000e+00 0.000000000000000000e+00 0.000000000000000000e+00 1.000000000000000000e+00 4.113171715114114058e+00 1.248513521311910957e+00 1.110538657798210149e+00 2.484411749963776617e-01 1.353328331930600203e+00 1.630593800028061870e-03
9.061029404198985837e-01 -2.994902831404276933e-01 2.988026755063177831e-01 -6.420161252652807626e-02 9.496650969803416276e-02 8.322586771542196393e-01 5.461930694049418333e-01 9.704466983907460154e-02 -4.122606313886775786e-01 -4.665308939381890285e-01 7.825535795731102251e-01 -1.044558097727954354e-01 0.000000000000000000e+00 0.000000000000000000e+00 0.000000000000000000e+00 1.000000000000000000e+00 4.103577248314504544e+00 1.127174651148737494e+00 1.057345833616911701e+00 2.753412732844958688e-01 1.372549289316506771e+00 1.713543352131025608e-03
9.029453874309290029e-01 -2.979115298447177484e-01 3.097391724855801942e-01 -6.495677387442462536e-02 9.640739405421232255e-02 8.427804686533527656e-01 5.295533106037269011e-01 1.029740524354691156e-01 -4.188021567318270244e-01 -4.482965676820052647e-01 7.897056091108869413e-01 -1.082090451516329876e-01 0.000000000000000000e+00 0.000000000000000000e+00 0.000000000000000000e+00 1.000000000000000000e+00 4.086881011598219260e+00 1.004153875219657044e+00 1.000071193128435620e+00 3.022454404876012135e-01 1.390773283284455708e+00 1.710044460155074608e-03
9.000229302356320682e-01 -2.958647313949334112e-01 3.200356122015278193e-01 -6.560880730728514687e-02 9.806209576173335885e-02 8.529285250330062018e-01 5.127345993010330449e-01 1.090653252308007026e-01 -4.246675820150065950e-01 -4.300895286110351656e-01 7.966683440128250471e-01 -1.119406742434288227e-01 0.000000000000000000e+00 0.000000000000000000e+00 0.000000000000000000e+00 1.000000000000000000e+00 4.063720378274524592e+00 8.799586032448770689e-01 9.391425701172024798e-01 3.290786810743818736e-01 1.408023931095194747e+00 1.830325713259965247e-03
8.973589482875601320e-01 -2.933627062760655879e-01 3.296744573692680924e-01 -6.615324175907930093e-02 9.989040368735642439e-02 8.626890543840416425e-01 4.957716364195767778e-01 1.153147259780525763e-01 -4.298474496386085475e-01 -4.119537946195462319e-01 8.034458596413657228e-01 -1.156452219800658127e-01 0.000000000000000000e+00 0.000000000000000000e+00 0.000000000000000000e+00 1.000000000000000000e+00 4.034662583610568731e+00 7.550692860634746761e-01 8.750075166334911891e-01 3.557678911584045145e-01 1.424332020699653478e+00 2.248063153882492917e-03
8.949737527693532035e-01 -2.904204033382719596e-01 3.386413715988420003e-01 -6.658555767353799282e-02 1.018520774690324648e-01 8.720520958407217416e-01 4.786975133210075173e-01 1.217186090229760709e-01 -4.343364374996699362e-01 -3.939303777655262517e-01 8.100436561212569497e-01 -1.193167542004490017e-01 0.000000000000000000e+00 0.000000000000000000e+00 0.000000000000000000e+00 1.000000000000000000e+00 4.000215767348572093e+00 6.299392332723530163e-01 8.081264950916199341e-01 3.822430233882237460e-01 1.439734151995003097e+00 3.103852794592223442e-03
8.928844643569432415e-01 -2.870546636144478692e-01 3.469250074813785556e-01 -6.690123166747216632e-02 1.039073524713495789e-01 8.810111200788319774e-01 4.615438020721637780e-01 1.282733568008708191e-01 -4.381330849992958187e-01 -3.760572265373210987e-01 8.164682299637243679e-01 -1.229489812778765678e-01 0.000000000000000000e+00 0.000000000000000000e+00 0.000000000000000000e+00 1.000000000000000000e+00 3.960838072252740982e+00 5.049941588214098553e-01 7.389664628984908834e-01 4.084380358258896115e-01 1.454271420708268758e+00 4.508429522752380875e-03
8.911049488936302332e-01 -2.832839799525283531e-01 3.545168038260469445e-01 -6.709578264783389034e-02 1.060173916766855989e-01 8.895626562056407893e-01 4.443406420835953607e-01 1.349753072322169289e-01 -4.412394899206121823e-01 -3.583691934274967905e-01 8.227267116933300040e-01 -1.265353541425372763e-01 0.000000000000000000e+00 0.000000000000000000e+00 0.000000000000000000e+00 1.000000000000000000e+00 3.916945128951035748e+00 3.806316099775793882e-01 6.679949099932738221e-01 4.342916321716972505e-01 1.467988169214518246e+00 6.545684740621759631e-03
8.896458074735525967e-01 -2.791282582164049120e-01 3.614107914417687417e-01 -6.716481827002832028e-02 1.081446833899920440e-01 8.977059429500903187e-01 4.271168228237764986e-01 1.418206956470059177e-01 -4.436609847995912626e-01 -3.408980302710958310e-01 8.288265632672099370e-01 -1.300691528675297359e-01 0.000000000000000000e+00 0.000000000000000000e+00 0.000000000000000000e+00 1.000000000000000000e+00 3.868916203718961722e+00 2.572204066243133913e-01 5.956744066846343388e-01 4.597478050449034237e-01 1.480930823508703087e+00 9.275518024651185564e-03
8.885144165157428109e-01 -2.746085835353544446e-01 3.676034071901886358e-01 -6.710408070530995972e-02 1.102533845078071950e-01 9.054426029282859334e-01 4.098998620796939218e-01 1.488056099455424552e-01 -4.454058010085953923e-01 -3.236724121843951862e-01 8.347753293729327506e-01 -1.335435679083741001e-01 0.000000000000000000e+00 0.000000000000000000e+00 0.000000000000000000e+00 1.000000000000000000e+00 3.817099240660706716e+00 1.351001905261363656e-01 5.224577121529458967e-01 4.847561975872192175e-01 1.493146830879438003e+00 1.273654425918171323e-02
8.877150126748359904e-01 -2.697469947121642342e-01 3.730933162439225570e-01 -6.690949078386930482e-02 1.123096099930076669e-01 9.127763393286750793e-01 3.927160791532523509e-01 1.559259577524890472e-01 -4.464847281722571504e-01 -3.067179895823799463e-01 8.405804369275741150e-01 -1.369517740526055571e-01 0.000000000000000000e+00 0.000000000000000000e+00 0.000000000000000000e+00 1.000000000000000000e+00 3.761814991792298279e+00 1.458115837424739381e-02 4.487834836045343501e-01 5.092723013674921306e-01 1.504683708489125138e+00 1.694866694618504116e-02
8.872481651524544155e-01 -2.645671875289411501e-01 3.778821301082342932e-01 -6.657759792564270362e-02 1.142838925089681018e-01 9.197136050484614467e-01 3.755876590036710816e-01 1.631770226409096913e-01 -4.469115013735592279e-01 -2.900536158437514445e-01 8.462499740059811204e-01 -1.402879149279826487e-01 0.000000000000000000e+00 0.000000000000000000e+00 0.000000000000000000e+00 1.000000000000000000e+00 3.704665667291312747e+00 -1.040484103346316774e-01 3.760432611747636100e-01 5.332611156092266214e-01 1.515582851306891632e+00 2.147556630820962598e-02
8.871102900372794808e-01 -2.590953438060691338e-01 3.819750563846218694e-01 -6.610604146499883538e-02 1.161536975990925119e-01 9.262637942260467661e-01 3.585299360788958278e-01 1.705530927717097411e-01 -4.467030966554700888e-01 -2.736877757093022501e-01 8.517930227197401116e-01 -1.435480965003316511e-01 0.000000000000000000e+00 0.000000000000000000e+00 0.000000000000000000e+00 1.000000000000000000e+00 3.647089351384754874e+00 -2.204997321632024554e-01 3.056368546013875642e-01 5.567003299549319051e-01 1.525873180651499794e+00 2.585810405635723813e-02
8.872945865617956063e-01 -2.533592066000106557e-01 3.853796007833585890e-01 -6.549312854442125575e-02 1.179011545960488433e-01 9.324372419515360999e-01 3.415554429657185476e-01 1.780480071881640480e-01 -4.458785026569850873e-01 -2.576235910212176794e-01 8.572178573532800439e-01 -1.467294041946530514e-01 0.000000000000000000e+00 0.000000000000000000e+00 0.000000000000000000e+00 1.000000000000000000e+00 3.588864601025968604e+00 -3.344976080175156574e-01 2.378487009225969673e-01 5.795756573671611012e-01 1.535576297731106266e+00 3.012315456768361460e-02
8.877920146602658047e-01 -2.473870458174651232e-01 3.881043621523263543e-01 -6.473738903503642450e-02 1.195106019719652385e-01 9.382439066172972852e-01 3.246776875464268408e-01 1.856556332699759448e-01 -4.444576014290855803e-01 -2.418636677909550003e-01 8.625308200533474690e-01 -1.498288975235389509e-01 0.000000000000000000e+00 0.000000000000000000e+00 0.000000000000000000e+00 1.000000000000000000e+00 3.529787612370595795e+00 -4.458123257789650129e-01 1.729238978294538320e-01 6.018764680460493288e-01 1.544712148948479191e+00 3.428971811635282002e-02
8.885915722288982854e-01 -2.412074770030037674e-01 3.901589144239336893e-01 -6.383759305224051550e-02 1.209685736388032840e-01 9.436934714710905059e-01 3.079111059988845489e-01 1.933698520936461551e-01 -4.424608759271309588e-01 -2.264102418544576556e-01 8.677365870611897236e-01 -1.528436500280412613e-01 0.000000000000000000e+00 0.000000000000000000e+00 0.000000000000000000e+00 1.000000000000000000e+00 3.469674126931170832e+00 -5.542562333741192226e-01 1.110695332110389066e-01 6.235955234587565732e-01 1.553298870513887486e+00 3.837061081054384676e-02
8.896805692947314936e-01 -2.348492850677876276e-01 3.915537072715495337e-01 -6.279276555332904963e-02 1.222637605109464509e-01 9.487954446565899369e-01 2.912709909864100721e-01 2.011845501446867246e-01 -4.399091523103789703e-01 -2.112653078664422646e-01 8.728384251015700590e-01 -1.557707837391138772e-01 0.000000000000000000e+00 0.000000000000000000e+00 0.000000000000000000e+00 1.000000000000000000e+00 3.408360687195882033e+00 -6.596801729171873907e-01 5.245646338336314857e-02 6.447286874797093503e-01 1.561352711024281970e+00 4.237397234755336389e-02
8.910448940958752839e-01 -2.283412546057302372e-01 3.922999821093758888e-01 -6.160219789080170760e-02 1.233869516835577329e-01 9.535592546604737541e-01 2.747733996458978645e-01 2.090936164453142676e-01 -4.368233758603755068e-01 -1.964307313708249514e-01 8.778384333490277802e-01 -1.586074983342729006e-01 0.000000000000000000e+00 0.000000000000000000e+00 0.000000000000000000e+00 1.000000000000000000e+00 3.345705316751401703e+00 -7.619698529146748944e-01 -2.778552420656194011e-03 6.652746264909588092e-01 1.568888020142089834e+00 4.630459568225819139e-02
8.926692670622589088e-01 -2.217120082586078456e-01 3.924097003249693572e-01 -6.026545629421951877e-02 1.243309592645620992e-01 9.579943386020649543e-01 2.584350458883837298e-01 2.170909442072289919e-01 -4.332244188544562280e-01 -1.819083440926718420e-01 8.827377675785946787e-01 -1.613510952271708099e-01 0.000000000000000000e+00 0.000000000000000000e+00 0.000000000000000000e+00 1.000000000000000000e+00 3.281587703316592552e+00 -8.610422316960062439e-01 -5.453045369920737212e-02 6.852345083039106388e-01 1.575917291976977941e+00 5.016508402791058918e-02
8.945374796323078970e-01 -2.149898543746387447e-01 3.918954809454242016e-01 -5.878238734003265326e-02 1.250905305405166368e-01 9.621102213266555792e-01 2.422731813006511747e-01 2.251704361738133819e-01 -4.291329183731791841e-01 -1.677000229591306957e-01 8.875368441835662647e-01 -1.639989968813326260e-01 0.000000000000000000e+00 0.000000000000000000e+00 0.000000000000000000e+00 1.000000000000000000e+00 3.215908963352928307e+00 -9.568419780124743923e-01 -1.027233047069184141e-01 7.046117077981635113e-01 1.582451252410793874e+00 5.395684214537581347e-02
8.966326157169612898e-01 -2.082026449715156657e-01 3.907705452852177630e-01 -5.715312054124264268e-02 1.256622507725246030e-01 9.659165837782794917e-01 2.263054686125483828e-01 2.333260128786566467e-01 -4.245691417736932038e-01 -1.538077536621277885e-01 8.922355226882010548e-01 -1.665487616819619487e-01 0.000000000000000000e+00 0.000000000000000000e+00 0.000000000000000000e+00 1.000000000000000000e+00 3.148591064490620539e+00 -1.049338065230981387e+00 -1.473076257476414186e-01 7.234115253149197011e-01 1.588498980381871428e+00 5.768091043080002950e-02
8.989372544070969306e-01 -2.013776447778676260e-01 3.890486664867252031e-01 -5.537806824656830301e-02 1.260444395225901737e-01 9.694233196156952781e-01 2.105498513035110597e-01 2.415516231161268512e-01 -4.195528774141112915e-01 -1.402336798185215283e-01 8.968332661891182944e-01 -1.689980947309275561e-01 0.000000000000000000e+00 0.000000000000000000e+00 0.000000000000000000e+00 1.000000000000000000e+00 3.079575977425238698e+00 -1.138520544751915331e+00 -1.882577010561400643e-01 7.416409221521412798e-01 1.594068054027397041e+00 6.133865173126074044e-02
9.014336532011962833e-01 -1.945414118970703599e-01 3.867441222271609802e-01 -5.345792308216856803e-02 1.262370430168659741e-01 9.726405794839715346e-01 1.950244224911397428e-01 2.498412559927692400e-01 -4.141033481540224992e-01 -1.269801389625738186e-01 9.013292798244834092e-01 -1.713448549499297646e-01 0.000000000000000000e+00 0.000000000000000000e+00 0.000000000000000000e+00 1.000000000000000000e+00 3.008824622767735768e+00 -1.224397533077762112e+00 -2.255689237193684582e-01 7.593082760248589524e-01 1.599164713537019056e+00 6.493230199708958927e-02
9.041039116018764199e-01 -1.877196904219960161e-01 3.838716492151409976e-01 -5.139365319877478577e-02 1.262415246715838657e-01 9.755788027542431351e-01 1.797472957981950115e-01 2.581889540034705277e-01 -4.082391451693491713e-01 -1.140496867233403849e-01 9.057226279000829550e-01 -1.735870588861207486e-01 0.000000000000000000e+00 0.000000000000000000e+00 0.000000000000000000e+00 1.000000000000000000e+00 2.936315671129084759e+00 -1.306992436059648988e+00 -2.592552267248018349e-01 7.764231580959340961e-01 1.603794033563428867e+00 6.846539675366289379e-02
9.069301153938551519e-01 -1.809373151340090413e-01 3.804463984263479204e-01 -4.918649560458922265e-02 1.260607555492040677e-01 9.782487368903732827e-01 1.647364804511843306e-01 2.665888266515109573e-01 -4.019781796916231387e-01 -1.014451106009720827e-01 9.100123307061459554e-01 -1.757228816142247796e-01 0.000000000000000000e+00 0.000000000000000000e+00 0.000000000000000000e+00 1.000000000000000000e+00 2.862044246996129360e+00 -1.386341423784847482e+00 -2.893466380354037248e-01 7.929961321533111063e-01 1.607960099034879908e+00 7.194308591605759473e-02
9.098944622778630809e-01 -1.742181282474189186e-01 3.764838903240983470e-01 -4.683794787109835100e-02 1.256989061831307319e-01 9.806614448910818682e-01 1.500097624384749695e-01 2.750350642049566030e-01 -3.953376503986850699e-01 -8.916943476792706103e-02 9.141974423514727111e-01 -1.777506551208393182e-01 0.000000000000000000e+00 0.000000000000000000e+00 0.000000000000000000e+00 1.000000000000000000e+00 2.786020579139205644e+00 -1.462491160699718407e+00 -3.158869870900700150e-01 8.090385757002742650e-01 1.611666179193158133e+00 7.537234967802261543e-02
9.129793698041664962e-01 -1.675849080130258351e-01 3.719999695727784217e-01 -4.434975849675989318e-02 1.251613409135100830e-01 9.828283014899299452e-01 1.355845931590603515e-01 2.835219512517433982e-01 -3.883340243331080410e-01 -7.722591729175440345e-02 9.182771111370402473e-01 -1.796688645415976116e-01 0.000000000000000000e+00 0.000000000000000000e+00 0.000000000000000000e+00 1.000000000000000000e+00 2.708268632728370928e+00 -1.535496788095580101e+00 -3.389317806721108828e-01 8.245625221176146047e-01 1.614914895615746637e+00 7.876212810546555365e-02
9.161675667369560960e-01 -1.610593088712432841e-01 3.670107589781707036e-01 -4.172391620410722396e-02 1.244545156162798205e-01 9.847609789758974275e-01 1.214779866315401080e-01 2.920438797810425702e-01 -3.809830293950039470e-01 -6.561804111382084359e-02 9.222506241052528253e-01 -1.814761426017524881e-01 0.000000000000000000e+00 0.000000000000000000e+00 0.000000000000000000e+00 1.000000000000000000e+00 2.628824751277955230e+00 -1.605420150095256959e+00 -3.585462578927610111e-01 8.395805226275697697e-01 1.617708380855283679e+00 8.212337669263888862e-02
9.194421690990521867e-01 -1.546618127453995295e-01 3.615326125784426581e-01 -3.896263843085864820e-02 1.235858794830675955e-01 9.864714236281918458e-01 1.077064260102764542e-01 3.005953615781926658e-01 -3.732996566375866854e-01 -5.434950003131522323e-02 9.261174374485101612e-01 -1.831712625869520161e-01 0.000000000000000000e+00 0.000000000000000000e+00 0.000000000000000000e+00 1.000000000000000000e+00 2.547736330158881568e+00 -1.672328249738826766e+00 -3.748036271976944445e-01 8.541055265127968088e-01 1.620048425130383718e+00 8.546905954396429028e-02
9.227867422073956494e-01 -1.484116909873391676e-01 3.555820679641460980e-01 -3.606835925666795895e-02 1.225637813195613324e-01 9.879718238454564538e-01 9.428577987333318366e-02 3.091710397740946581e-01 -3.652981707789231813e-01 -4.342418082567612442e-02 9.298771944558653635e-01 -1.847531301448393504e-01 0.000000000000000000e+00 0.000000000000000000e+00 0.000000000000000000e+00 1.000000000000000000e+00 2.465060537811529784e+00 -1.736291918576835736e+00 -3.877834828217500140e-01 8.681507778926983443e-01 1.621936609221551695e+00 8.881409107714147155e-02
9.261853500252353877e-01 -1.423269764280768734e-01 3.491757980270762673e-01 -3.304371698556825970e-02 1.213973806723175064e-01 9.892745710972936646e-01 8.123122850411332307e-02 3.177656994372504151e-01 -3.569921275253387649e-01 -3.284614256597040427e-02 9.335297326318373612e-01 -1.862207741907739578e-01 0.000000000000000000e+00 0.000000000000000000e+00 0.000000000000000000e+00 1.000000000000000000e+00 2.380863095994887768e+00 -1.797384681187414790e+00 -3.975703939187988922e-01 8.817297273083644082e-01 1.623374422360460034e+00 9.217523625450864400e-02
9.296225931373460760e-01 -1.364244449435258744e-01 3.423305624289786908e-01 -2.989154158109964474e-02 1.200965639656163125e-01 9.903922148407643400e-01 6.855720018369519664e-02 3.263742771375823248e-01 -3.483943964761450074e-01 -2.261959399641529089e-02 9.370750815478775531e-01 -1.875733371634025481e-01 0.000000000000000000e+00 0.000000000000000000e+00 0.000000000000000000e+00 1.000000000000000000e+00 2.295217126409355046e+00 -1.855681795062773976e+00 -4.042526565597510668e-01 8.948559563925101434e-01 1.624363364449835423e+00 9.557097838661830769e-02
9.330836366092533085e-01 -1.307196059167596291e-01 3.350631591449588775e-01 -2.661484212751982076e-02 1.186718657274730276e-01 9.913374125318693553e-01 5.627731734098270766e-02 3.349918694460096713e-01 -3.395171885423156066e-01 -1.274886979783811276e-02 9.405134528937252325e-01 -1.888100648487723299e-01 0.000000000000000000e+00 0.000000000000000000e+00 0.000000000000000000e+00 1.000000000000000000e+00 2.208202067785773881e+00 -1.911259446173707355e+00 -4.079211967734396316e-01 9.075431139811207526e-01 1.624905032416903872e+00 9.902136255615918980e-02
