6.108559976613380238e-01 1.157733413823967272e-01 -7.832314367709753977e-01 0.000000000000000000e+00 -2.834296359381667796e-01 9.556679555874248999e-01 -7.978972449701658698e-02 0.000000000000000000e+00 7.392716629177190635e-01 2.707310327400732630e-01 6.165890984426855015e-01 0.000000000000000000e+00 0.000000000000000000e+00 0.000000000000000000e+00 0.000000000000000000e+00 1.000000000000000000e+00 5.194659110720997175e-01 5.998173593155208261e-01 3.289764268773224254e-01 1.069835044680504943e-01 4.239865693315244544e-01 1.484890170904185069e-01
6.137575244236158634e-01 1.129795647070309522e-01 -7.813688755526156937e-01 4.270312516075448284e-06 -2.815456107691957643e-01 9.559576770238000787e-01 -8.292761205750232012e-02 1.814689878739990251e-03 7.375864496188649921e-01 2.708884232539050529e-01 6.185351178521182325e-01 1.292488392899104367e-03 0.000000000000000000e+00 0.000000000000000000e+00 0.000000000000000000e+00 1.000000000000000000e+00 3.844421595027373573e-01 7.854442107847088295e-01 3.413812965980057568e-01 7.083695197188910608e-02 4.100131863154651835e-01 1.104113388739779156e-01
6.173708597950167132e-01 1.106562766980701273e-01 -7.788506987156180728e-01 3.163148749569345353e-05 -2.795261289727693499e-01 9.563054349017489075e-01 -8.570331659987873163e-02 3.628199695397906280e-03 7.353355461750419320e-01 2.706198512362034125e-01 6.213264292398316124e-01 2.319107142325992077e-03 0.000000000000000000e+00 0.000000000000000000e+00 0.000000000000000000e+00 1.000000000000000000e+00 2.624086239582733571e-01 9.680618970469747619e-01 3.486730164971544865e-01 3.489831139802682808e-02 3.959852282731068374e-01 7.445280585029845355e-02
6.216617038778692317e-01 1.087722868951826738e-01 -7.756966655506715158e-01 7.769984358635525969e-05 -2.774022771746028626e-01 9.567001753030328626e-01 -8.816320828019801048e-02 5.440149546223256756e-03 7.325194220392388100e-01 2.699877118649163243e-01 6.249175411502961852e-01 3.083701020535739665e-03 0.000000000000000000e+00 0.000000000000000000e+00 0.000000000000000000e+00 1.000000000000000000e+00 1.522552538399051247e-01 1.141501426383334517e+00 3.476129631053812563e-01 -7.560143644617933756e-04 3.819781162777144412e-01 3.876237272678209611e-02
6.265621779382414269e-01 1.072914378874859631e-01 -7.719510258275551484e-01 1.339569625283114384e-04 -2.751962360834474541e-01 9.571344627045563769e-01 -9.033632752410931943e-02 7.249638137425590094e-03 7.291686157572309090e-01 2.690393430717137324e-01 6.292304533929239385e-01 3.593501517071754151e-03 0.000000000000000000e+00 0.000000000000000000e+00 0.000000000000000000e+00 1.000000000000000000e+00 5.290702494302491898e-02 1.294346158285176074e+00 3.472021239325278619e-01 -3.605514669439219971e-02 3.680523022231775299e-01 7.046184138819334974e-03
6.319885433303361610e-01 1.061675324139741555e-01 -7.676711132778132329e-01 1.851343682421015182e-04 -2.729121416102468500e-01 9.576067020064681357e-01 -9.224081187009906813e-02 9.054922263142285710e-03 7.253340235033052252e-01 2.678019041392315502e-01 6.341708733131731224e-01 3.861353006085940440e-03 0.000000000000000000e+00 0.000000000000000000e+00 0.000000000000000000e+00 1.000000000000000000e+00 -3.659073939440685153e-02 1.428700160624322812e+00 3.473350930041696483e-01 -7.094512239315792224e-02 3.542565824569581245e-01 -2.111883680389091758e-02
6.378649446819183444e-01 1.053581192622883161e-01 -7.629075836901560992e-01 2.172700244203946193e-04 -2.705547186566157891e-01 9.581148803658049440e-01 -9.389366534102060180e-02 1.085431732414796416e-02 7.210606481497935372e-01 2.662997245721618333e-01 6.396530314648352089e-01 3.899338425484781111e-03 0.000000000000000000e+00 0.000000000000000000e+00 0.000000000000000000e+00 1.000000000000000000e+00 -1.171155516591081552e-01 1.546462743330728973e+00 3.479269940895154956e-01 -1.053881843583521910e-01 3.406289339928963433e-01 -4.611934706933334960e-02
6.441228826221261361e-01 1.048242969562621918e-01 -7.577054712777996359e-01 2.176479830531069201e-04 -2.681290355127909364e-01 9.586566993400731373e-01 -9.531082465653266389e-02 1.264621137357197639e-02 7.163885358332809927e-01 2.645547206159443721e-01 6.455991542495043145e-01 3.718845866841124625e-03 0.000000000000000000e+00 0.000000000000000000e+00 0.000000000000000000e+00 1.000000000000000000e+00 -1.894716338447394455e-01 1.649346063002023799e+00 3.489087237142944331e-01 -1.393587890596758028e-01 3.271987725796520197e-01 -6.830651552245770031e-02
6.507006727989267381e-01 1.045305026987693037e-01 -7.521050530983911520e-01 1.747287626776812888e-04 -2.656403181943342573e-01 9.592296786850840196e-01 -9.650722803610249645e-02 1.442907484639034676e-02 7.113535392052496853e-01 2.625867441257977997e-01 6.519389132697039901e-01 3.330629977914937277e-03 0.000000000000000000e+00 0.000000000000000000e+00 0.000000000000000000e+00 1.000000000000000000e+00 -2.543942193651033135e-01 1.738891759302879203e+00 3.502232819081720350e-01 -1.728404953473277050e-01 3.139887711392209124e-01 -8.799756410519309069e-02
6.575429083633819172e-01 1.044442951907507966e-01 -7.461425570384050410e-01 7.807465488346631503e-05 -2.630938122442338933e-01 9.598312371650417063e-01 -9.749688362093264504e-02 1.620146679635597192e-02 7.059879401689616030e-01 2.604138745257786325e-01 6.586088709935665753e-01 2.744868172917440917e-03 0.000000000000000000e+00 0.000000000000000000e+00 0.000000000000000000e+00 1.000000000000000000e+00 -3.125540787770133000e-01 1.816486551355067203e+00 3.518229611952034541e-01 -2.058235596364260400e-01 3.010163141690906374e-01 -1.054777080775385761e-01
6.645999376915426859e-01 1.045361375905012463e-01 -7.398507426405327436e-01 -8.172685977928893905e-05 -2.604946818647738138e-01 9.604587548253177287e-01 -9.829293567562893963e-02 1.796203835810749813e-02 7.003209590183799849e-01 2.580526630711644787e-01 6.655519364968814910e-01 1.971211799790059758e-03 0.000000000000000000e+00 0.000000000000000000e+00 0.000000000000000000e+00 1.000000000000000000e+00 -3.645621150558448487e-01 1.883376757680568669e+00 3.536672078942652009e-01 -2.383030926286648365e-01 2.882946534443349140e-01 -1.210023338996321224e-01
6.718273651053230378e-01 1.047791850601254293e-01 -7.332593787680661279e-01 -3.131392383353387540e-04 -2.578479381942590520e-01 9.611096203986145836e-01 -9.890772749604656577e-02 1.970953404655311283e-02 6.943791719275521634e-01 2.555183372507429662e-01 6.727168406614684182e-01 1.018832504587754290e-03 0.000000000000000000e+00 0.000000000000000000e+00 0.000000000000000000e+00 1.000000000000000000e+00 -4.109739143879262424e-01 1.940681732219448286e+00 3.557210062500835157e-01 -2.702776589924850148e-01 2.758338206206664700e-01 -1.347992928462591056e-01
6.791855794029252325e-01 1.051490799562536937e-01 -7.263956376725112518e-01 -6.237508669215169506e-04 -2.551583901573600266e-01 9.617812668533195497e-01 -9.935286045940548705e-02 2.144279140587889224e-02 6.881868545952792848e-01 2.528249719496524772e-01 6.800576369317303804e-01 -1.035359176452187949e-04 0.000000000000000000e+00 0.000000000000000000e+00 0.000000000000000000e+00 1.000000000000000000e+00 -4.522941703763369570e-01 1.989406231799353941e+00 3.579536661104333883e-01 -3.017482238611329803e-01 2.636413434527559163e-01 -1.470712200714883455e-01
6.866393128585772665e-01 1.056237566684235102e-01 -7.192844213557197941e-01 -1.020345771188381793e-03 -2.524306126428826347e-01 9.624711975365015659e-01 -9.963924898561836441e-02 2.316073942986965339e-02 6.817662664261082694e-01 2.499856329362637464e-01 6.875332313037054721e-01 -1.387559873482321210e-03 0.000000000000000000e+00 0.000000000000000000e+00 0.000000000000000000e+00 1.000000000000000000e+00 -4.889809246535015141e-01 2.030451747777706206e+00 3.603379196452089483e-01 -3.327173688730392653e-01 2.517228044541363063e-01 -1.579978139018199113e-01
6.941572318030885258e-01 1.061832573176577643e-01 -7.119486330911508620e-01 -1.508970313368563840e-03 -2.496689278438366522e-01 9.631770049002343903e-01 -9.977717139081207498e-02 2.486239609514533794e-02 6.751378868217872142e-01 2.470124973285357517e-01 6.951069434417688209e-01 -2.825272205271715624e-03 0.000000000000000000e+00 0.000000000000000000e+00 0.000000000000000000e+00 1.000000000000000000e+00 -5.214495864071533315e-01 2.064626847141815436e+00 3.628492527683339075e-01 -3.631887161304955813e-01 2.400822739703826758e-01 -1.677380297851199520e-01
7.017115588007499793e-01 1.068095589411729440e-01 -7.044094044919376740e-01 -2.094995460604421027e-03 -2.468773964716239055e-01 9.638963834160595434e-01 -9.977631674447576260e-02 2.654686527976326052e-02 6.683206128712502192e-01 2.439169549226342104e-01 7.027460995321258563e-01 -4.409041995219351202e-03 0.000000000000000000e+00 0.000000000000000000e+00 0.000000000000000000e+00 1.000000000000000000e+00 -5.500767083180573280e-01 2.092656576901430920e+00 3.654654132056012195e-01 -3.931665112932957173e-01 2.287226437789913469e-01 -1.764321585527993952e-01
7.092777256801717778e-01 1.074864123604372945e-01 -6.966862864970305713e-01 -2.783174446719353587e-03 -2.440598162638076551e-01 9.646271379666279122e-01 -9.964582791775693227e-02 2.821333328104610322e-02 6.613319258755909757e-01 2.407096936140590004e-01 7.104216565698766583e-01 -6.131547636116206797e-03 0.000000000000000000e+00 0.000000000000000000e+00 0.000000000000000000e+00 1.000000000000000000e+00 -5.752035077684688469e-01 2.115190990878166755e+00 3.681660502020223102e-01 -4.226553274573512931e-01 2.176458823896441908e-01 -1.842037703076436495e-01
7.168340561700993208e-01 1.081991926223932615e-01 -6.887974110123659122e-01 -3.577695823549084490e-03 -2.412197257731111821e-01 9.653671887452089928e-01 -9.939434105086297766e-02 2.986106509766910805e-02 6.541880326518130229e-01 2.374007715936667096e-01 7.181078571458581195e-01 -7.985752879169312479e-03 0.000000000000000000e+00 0.000000000000000000e+00 0.000000000000000000e+00 1.000000000000000000e+00 -5.971391306477885630e-01 2.132812860656876808e+00 3.709324512492876424e-01 -4.516598598738662540e-01 2.068532290995269696e-01 -1.911615140374456068e-01
7.243614765704046166e-01 1.089347606888667469e-01 -6.807596286241610617e-01 -4.482232021407771445e-03 -2.383604118793332394e-01 9.661145734834418741e-01 -9.903002168503065306e-02 3.148940060095690996e-02 6.469039863606138585e-01 2.339996785431514570e-01 7.257819133801912681e-01 -9.964885584914651151e-03 0.000000000000000000e+00 0.000000000000000000e+00 0.000000000000000000e+00 1.000000000000000000e+00 -6.161636612628001997e-01 2.146044633102685228e+00 3.737473494246130179e-01 -4.801847882850870386e-01 1.963453404559710735e-01 -1.974007695632537251e-01
7.318432527036351498e-01 1.096813359045983038e-01 -6.725886267387148898e-01 -5.499983622255310602e-03 -2.354849198269720334e-01 9.668674476572642895e-01 -9.856059780765347167e-02 3.309775068789912178e-02 6.394937906443656228e-01 2.305153876733720963e-01 7.334237183874680044e-01 -1.206241891950594891e-02 0.000000000000000000e+00 0.000000000000000000e+00 0.000000000000000000e+00 1.000000000000000000e+00 -6.325308862486707095e-01 2.155354695963943801e+00 3.765947813785105458e-01 -5.082346889883520014e-01 1.861223999909956961e-01 -2.030051531445024593e-01
7.392647513062312603e-01 1.104283786825207142e-01 -6.642990316494792324e-01 -6.633719602712742289e-03 -2.325960648771596695e-01 9.676240831834277412e-01 -9.799339005358370658e-02 3.468559348250028346e-02 6.319704900961352623e-01 2.269564001324613500e-01 7.410155835125153967e-01 -1.427205475520603069e-02 0.000000000000000000e+00 0.000000000000000000e+00 0.000000000000000000e+00 1.000000000000000000e+00 -6.464708233736214948e-01 2.161163011091049135e+00 3.794599810351053093e-01 -5.358139829488544059e-01 1.761841998245348984e-01 -2.080478813761877654e-01
7.466132240025450395e-01 1.111664827923789511e-01 -6.559044973478085350e-01 -7.885813834598603966e-03 -2.296964448875936093e-01 9.683828660084931039e-01 -9.733533929506058002e-02 3.625247063170513456e-02 6.243462494713375444e-01 2.233307830485042889e-01 7.485419995141811000e-01 -1.658770905031674292e-02 0.000000000000000000e+00 0.000000000000000000e+00 0.000000000000000000e+00 1.000000000000000000e+00 -6.581920280563734460e-01 2.163846172041402838e+00 3.823292979593284069e-01 -5.629269095805752299e-01 1.665302009000277639e-01 -2.125930002447921074e-01
7.538776120379392376e-01 1.118872766151359638e-01 -6.474177833459260345e-01 -9.258278144034806645e-03 -2.267884533104690681e-01 9.691422929037510903e-01 -9.659303183954194572e-02 3.779798372634884246e-02 6.166324235695290756e-01 2.196462022547539528e-01 7.559894198736500925e-01 -1.900349899986946561e-02 0.000000000000000000e+00 0.000000000000000000e+00 0.000000000000000000e+00 1.000000000000000000e+00 -6.678836915277910347e-01 2.163741939580847706e+00 3.851901323342107331e-01 -5.895775183850811008e-01 1.571595771429163957e-01 -2.166964876160052955e-01
7.610483700136700946e-01 1.125833327228461106e-01 -6.388508233424798899e-01 -1.075279223108044357e-02 -2.238742922357324083e-01 9.699009677090077997e-01 -9.577272244042711602e-02 3.932179086554721259e-02 6.088396193297823666e-01 2.159099505662174512e-01 7.633460644452927379e-01 -2.151373176404041201e-02 0.000000000000000000e+00 0.000000000000000000e+00 0.000000000000000000e+00 1.000000000000000000e+00 -6.757175450701766728e-01 2.161153305041923822e+00 3.880308807686123629e-01 -6.157696726281042254e-01 1.480712476551515888e-01 -2.204072382123918872e-01
7.681173069542160947e-01 1.132480851557099988e-01 -6.302147862108274934e-01 -1.237073074396912234e-02 -2.209559852132292057e-01 9.706575972122121199e-01 -9.488035531116244259e-02 4.082360337394713712e-02 6.009777513786807024e-01 2.121289723285395279e-01 7.706017417382959867e-01 -2.411289459637582649e-02 0.000000000000000000e+00 0.000000000000000000e+00 0.000000000000000000e+00 1.000000000000000000e+00 -6.818495848197658749e-01 2.156352127820142961e+00 3.908408888745935061e-01 -6.415070607652665347e-01 1.392639001225431938e-01 -2.237679404641558234e-01
7.750774431385334395e-01 1.138757537902228278e-01 -6.215201305102880935e-01 -1.411318778819509526e-02 -2.180353896689400939e-01 9.714109868076651333e-01 -9.392158331905030300e-02 4.230318267469291432e-02 5.930560920288669990e-01 2.083098848380185719e-01 7.777476882061070684e-01 -2.679564620845770878e-02 0.000000000000000000e+00 0.000000000000000000e+00 0.000000000000000000e+00 1.000000000000000000e+00 -6.864216313455940854e-01 2.149582389601560006e+00 3.936104078374930149e-01 -6.667932124989792708e-01 1.307360078710423368e-01 -2.268158546073246740e-01
7.819228812340803803e-01 1.144612752212057771e-01 -6.127766534968469569e-01 -1.598099913309028453e-02 -2.151142087926617708e-01 9.721600360407514074e-01 -9.290178552152451863e-02 4.376033731631677470e-02 5.850833165351293497e-01 2.044589971307954335e-01 7.847764230204350433e-01 -2.955680922156981097e-02 0.000000000000000000e+00 0.000000000000000000e+00 0.000000000000000000e+00 1.000000000000000000e+00 -6.895627377184440077e-01 2.141063104305693354e+00 3.963305531489568212e-01 -6.916315172370909314e-01 1.224858424249104516e-01 -2.295835011591233488e-01
7.886486903818038519e-01 1.150002396134599397e-01 -6.039935354308008097e-01 -1.797476235879525222e-02 -2.121940028213657736e-01 9.729037341198852884e-01 -9.182608319485187354e-02 4.519492014860808371e-02 5.770675442637355212e-01 2.005823265560080781e-01 7.916816169116225321e-01 -3.239136356920331583e-02 0.000000000000000000e+00 0.000000000000000000e+00 0.000000000000000000e+00 1.000000000000000000e+00 -6.913904591319913751e-01 2.130990919258700433e+00 3.989932643616139196e-01 -7.160252433929721327e-01 1.145114829630252407e-01 -2.320992684955343888e-01
7.952508019884133583e-01 1.154888330138784669e-01 -5.951793798354824139e-01 -2.009485516586229439e-02 -2.092761996773825073e-01 9.736411554551497316e-01 -9.069935449321939180e-02 4.660682564050701998e-02 5.690163763107841666e-01 1.966856134788991795e-01 7.984579737635925101e-01 -3.529444072684538580e-02 0.000000000000000000e+00 0.000000000000000000e+00 0.000000000000000000e+00 1.000000000000000000e+00 -6.920119963916955275e-01 2.119542439823477231e+00 4.015912652153259543e-01 -7.399775574661421329e-01 1.068108237138048477e-01 -2.343879477485446283e-01
8.017259160869736334e-01 1.159237846506885328e-01 -5.863422502462176666e-01 -2.234145204901302403e-02 -2.063621049461725754e-01 9.743714552666876694e-01 -8.952624786497037634e-02 4.799598733192388111e-02 5.609369300101082478e-01 1.927743344029403949e-01 8.051011237564201783e-01 -3.826131865740130950e-02 0.000000000000000000e+00 0.000000000000000000e+00 0.000000000000000000e+00 1.000000000000000000e+00 -6.915252247884713377e-01 2.106876306631034090e+00 4.041180238271351310e-01 -7.634915422114394445e-01 9.938158005368497028e-02 -2.364712026735889538e-01
8.080714172266707518e-01 1.163023187820636101e-01 -5.774897038962409912e-01 -2.471453951641959523e-02 -2.034529111968706727e-01 9.750938652932835682e-01 -8.831119434232852228e-02 4.936237541087822728e-02 5.528358706954985546e-01 1.888537137528836229e-01 8.116075269509113177e-01 -4.128741737179835586e-02 0.000000000000000000e+00 0.000000000000000000e+00 0.000000000000000000e+00 1.000000000000000000e+00 -6.900196190557101872e-01 2.093135051694121618e+00 4.065677128677835928e-01 -7.865702134738805640e-01 9.222129386202411461e-02 -2.383679815432524496e-01
8.142852989466503599e-01 1.166221106909437755e-01 -5.686288227118205807e-01 -2.721393001670117245e-02 -2.005497066616914736e-01 9.758076896219481933e-01 -8.705841881125887805e-02 5.070599440730479829e-02 5.447194410215761007e-01 1.849287345215345768e-01 8.179743863060731091e-01 -4.436829501479939986e-02 0.000000000000000000e+00 0.000000000000000000e+00 0.000000000000000000e+00 1.000000000000000000e+00 -6.875770842931177018e-01 2.078446757043638016e+00 4.089351697960672549e-01 -8.092165354597214977e-01 8.532733852327363533e-02 -2.400948775246607436e-01
8.203660959766028160e-01 1.168812464560517878e-01 -5.597662419286453250e-01 -2.983927471788581573e-02 -1.976534832989885748e-01 9.765123006520473048e-01 -8.577195035910958887e-02 5.202688099514468645e-02 5.365934880992658806e-01 1.810041479505418716e-01 8.241995692112429328e-01 -4.749964439581632475e-02 0.000000000000000000e+00 0.000000000000000000e+00 0.000000000000000000e+00 1.000000000000000000e+00 -6.842727019457166548e-01 2.062926537108467961e+00 4.112158573107175807e-01 -8.314334343504861113e-01 7.869692384445213518e-02 -2.416664434116835847e-01
8.263128233880854268e-01 1.170781861604927587e-01 -5.509081765927013041e-01 -3.259007526602863969e-02 -1.947651442702920954e-01 9.772071352020778034e-01 -8.445563178931460302e-02 5.332510189482273649e-02 5.284634886629506756e-01 1.770844823884390185e-01 8.302815366994531487e-01 -5.067728989356334868e-02 0.000000000000000000e+00 0.000000000000000000e+00 0.000000000000000000e+00 1.000000000000000000e+00 -6.801753991626654505e-01 2.046677863852986778e+00 4.134058242250721049e-01 -8.532238102602531793e-01 7.232710106380570159e-02 -2.430954660204013018e-01
8.321249219954494070e-01 1.172117302287986607e-01 -5.420604461690997633e-01 -3.546569463606227823e-02 -1.918855108648225005e-01 9.778916907631864941e-01 -8.311312838467192765e-02 5.460075186882314829e-02 5.203345724549858220e-01 1.731740514466087177e-01 8.362192795871949969e-01 -5.389718467174120509e-02 0.000000000000000000e+00 0.000000000000000000e+00 0.000000000000000000e+00 1.000000000000000000e+00 -6.753485491357624770e-01 2.029793751683456549e+00 4.155016669854570965e-01 -8.745905475983756228e-01 6.621476805818424238e-02 -2.443932050245895271e-01
8.378022093738449749e-01 1.172809886107452487e-01 -5.332284974497953911e-01 -3.846536717378656184e-02 -1.890153289064186726e-01 9.785655219006175187e-01 -8.174793599350425877e-02 5.585395180375247320e-02 5.122115439877623633e-01 1.692769615549746254e-01 8.420122608581270818e-01 -5.715540815061226354e-02 0.000000000000000000e+00 0.000000000000000000e+00 0.000000000000000000e+00 1.000000000000000000e+00 -6.698505093361405427e-01 2.012357817322859788e+00 4.175004920496835914e-01 -8.955365239385114640e-01 6.035667480670835888e-02 -2.455696005116399794e-01
8.433448359243804759e-01 1.172853525557135956e-01 -5.244174259243920000e-01 -4.158820791564068337e-02 -1.861552746780087697e-01 9.792282368022094952e-01 -8.036338850632473996e-02 5.708484687297772642e-02 5.040989028226683377e-01 1.653971190034225214e-01 8.476603636746219417e-01 -6.044816368633726400e-02 0.000000000000000000e+00 0.000000000000000000e+00 0.000000000000000000e+00 1.000000000000000000e+00 -6.637351039319829837e-01 1.994445228220236288e+00 4.193998793245612977e-01 -9.160646175168122296e-01 5.474942913247460990e-02 -2.466334530805289194e-01
8.487532454734409981e-01 1.172244687448268374e-01 -5.156319957561352751e-01 -4.483322126197320651e-02 -1.833059603980665142e-01 9.798794939716370944e-01 -7.896266478443624004e-02 5.829360477461487805e-02 4.960008624881526162e-01 1.615382365416821731e-01 8.531638444616088668e-01 -6.377177641632335303e-02 0.000000000000000000e+00 0.000000000000000000e+00 0.000000000000000000e+00 1.000000000000000000e+00 -6.570520560807369126e-01 1.976123551591722149e+00 4.211978468361451955e-01 -9.361777134922003585e-01 4.938950271899594097e-02 -2.475925798827386948e-01
8.540281399447922084e-01 1.170982155696330129e-01 -5.068766584868261704e-01 -4.819930906984707525e-02 -1.804679392822144679e-01 9.805189990631489882e-01 -7.754879509615947297e-02 5.948041404029675433e-02 4.879213681448720807e-01 1.577038395992322872e-01 8.585232905622729449e-01 -6.712269123461064857e-02 0.000000000000000000e+00 0.000000000000000000e+00 0.000000000000000000e+00 1.000000000000000000e+00 -6.498473752457045727e-01 1.957453514872683709e+00 4.228928167773387536e-01 -9.558787091035161332e-01 4.427323738117488333e-02 -2.484539496238572509e-01
8.591704476897935594e-01 1.169066813658167364e-01 -4.981555705790310373e-01 -5.168527822289059603e-02 -1.776417102214740140e-01 9.811465018539615723e-01 -7.612466711108616113e-02 6.064548241075590901e-02 4.798641130940172750e-01 1.538972721773681773e-01 8.637395820151519965e-01 -7.049747086653306016e-02 0.000000000000000000e+00 0.000000000000000000e+00 0.000000000000000000e+00 1.000000000000000000e+00 -6.421637041876703256e-01 1.938489687180355858e+00 4.244835830471617721e-01 -9.751705178546343777e-01 3.939685155981382386e-02 -2.492237991965658983e-01
8.641812951032017409e-01 1.166501444284105682e-01 -4.894726098910491818e-01 -5.528984772823099247e-02 -1.748277221067762177e-01 9.817617933501441296e-01 -7.469303149786245266e-02 6.178903527480788388e-02 4.718325542148882334e-01 1.501217024576033676e-01 8.688138570474058797e-01 -7.389279401656330404e-02 0.000000000000000000e+00 0.000000000000000000e+00 0.000000000000000000e+00 1.000000000000000000e+00 -6.340406298254183115e-01 1.919281090331617090e+00 4.259692803662679661e-01 -9.940560728514293842e-01 3.475644700239294282e-02 -2.499077343029952603e-01
8.690619811900412994e-01 1.163290546513519319e-01 -4.808313911691631248e-01 -5.901165538402333016e-02 -1.720263778273563304e-01 9.823647030216832166e-01 -7.325650716650250471e-02 6.291131416881028116e-02 4.638299264092690666e-01 1.463801281638239249e-01 8.737474809198763070e-01 -7.730545356742654639e-02 0.000000000000000000e+00 0.000000000000000000e+00 0.000000000000000000e+00 1.000000000000000000e+00 -6.255149617422987030e-01 1.899871747018989865e+00 4.273493550253595341e-01 -1.012538329405152426e+00 3.034801558986699455e-02 -2.505108161437906156e-01
8.738139547832167731e-01 1.159440166491077367e-01 -4.722352806323866226e-01 -6.284926405541613192e-02 -1.692380379686396208e-01 9.829550961624029526e-01 -7.181758619208900019e-02 6.401257533410173450e-02 4.558592561228429485e-01 1.426753817098785071e-01 8.785420177963787491e-01 -8.073235481227795940e-02 0.000000000000000000e+00 0.000000000000000000e+00 0.000000000000000000e+00 1.000000000000000000e+00 -6.166209817368989432e-01 1.880301172908537044e+00 4.286235372977166835e-01 -1.030620267006407742e+00 2.616744626860771292e-02 -2.510376360003171992e-01
8.784387941422835411e-01 1.154957742315798896e-01 -4.636874097169459419e-01 -6.680116759188325926e-02 -1.664630242332476306e-01 9.835328713704891701e-01 -7.037863845291564280e-02 6.509308833029428532e-02 4.479233740075658221e-01 1.390101351594070223e-01 8.831992053428122658e-01 -8.417051370502118268e-02 0.000000000000000000e+00 0.000000000000000000e+00 0.000000000000000000e+00 1.000000000000000000e+00 -6.073906674717597376e-01 1.860604818675700933e+00 4.297918155245190053e-01 -1.048304890763199326e+00 2.221053204763239960e-02 -2.514923793128384655e-01
8.829381886914074995e-01 1.149851961157215829e-01 -4.551906880408520539e-01 -7.086579641461172863e-02 -1.637016226068508107e-01 9.840979581454907255e-01 -6.894191601264569591e-02 6.615313470260554551e-02 4.400249267834086542e-01 1.353869050205505076e-01 8.877209317914717124e-01 -8.761705511673320568e-02 0.000000000000000000e+00 0.000000000000000000e+00 0.000000000000000000e+00 1.000000000000000000e+00 -5.978538929623348208e-01 1.840814467329831672e+00 4.308544118621359664e-01 -1.065595232385962987e+00 1.847297702336982497e-02 -2.518788806588216911e-01
8.873139226793254064e-01 1.144132627683426551e-01 -4.467478156429603997e-01 -7.504152279898718136e-02 -1.609540862887912926e-01 9.846503145978290350e-01 -6.750955727288050767e-02 6.719300670167753509e-02 4.321663883530342809e-01 1.318080568946329578e-01 8.921092152327108060e-01 -9.106921108868810955e-02 0.000000000000000000e+00 0.000000000000000000e+00 0.000000000000000000e+00 1.000000000000000000e+00 -5.880386083664632668e-01 1.820958591586549380e+00 4.318117596640709266e-01 -1.082494350792414961e+00 1.495040339701660635e-02 -2.522006708594470292e-01
8.915678605663472922e-01 1.137810542845640455e-01 -4.383612945457187604e-01 -7.932666587408913894e-02 -1.582206384057140147e-01 9.851899252670150986e-01 -6.608359091963374177e-02 6.821300605454226618e-02 4.243500702186936979e-01 1.282758099948707597e-01 8.963661849201204346e-01 -9.452431907467204186e-02 0.000000000000000000e+00 0.000000000000000000e+00 0.000000000000000000e+00 1.000000000000000000e+00 -5.779710012800378660e-01 1.801062675521288625e+00 4.326644824566330261e-01 -1.099005332395642132e+00 1.163835845273031820e-02 -2.524610172867163271e-01
8.957019339633737198e-01 1.130897392153905751e-01 -4.300334396862528497e-01 -8.371949635843009552e-02 -1.555014745248811392e-01 9.857167990449481332e-01 -6.466593968457200192e-02 6.921344278556444685e-02 4.165781312468107012e-01 1.247922415485684944e-01 9.004940643969258085e-01 -9.797982016718322085e-02 0.000000000000000000e+00 0.000000000000000000e+00 0.000000000000000000e+00 1.000000000000000000e+00 -5.676756415149614154e-01 1.781149504270300055e+00 4.334133744564716006e-01 -1.115131291130241564e+00 8.532321468271463968e-03 -2.526629583062060536e-01
8.997181299657641684e-01 1.123405642659974640e-01 -4.217663892564354478e-01 -8.821824104888692508e-02 -1.527967649824068519e-01 9.862309672008323647e-01 -6.325842393949331066e-02 7.019463408632461987e-02 4.088525868223076287e-01 1.213592910940380354e-01 9.044951562706109449e-01 -1.014332573037445284e-01 0.000000000000000000e+00 0.000000000000000000e+00 0.000000000000000000e+00 1.000000000000000000e+00 -5.571756111286721991e-01 1.761239425130614711e+00 4.340593825695968633e-01 -1.130875368263521308e+00 5.627710533088765149e-03 -2.528093326695665666e-01
9.036184807409040065e-01 1.115348447936504450e-01 -4.135621144890463952e-01 -9.282108707782631141e-02 -1.501066570403339351e-01 9.867324815044036246e-01 -6.186276514035378427e-02 7.115690323350606916e-02 4.011753174316484150e-01 1.179787646815762953e-01 9.083718284800770260e-01 -1.048822734509484156e-01 0.000000000000000000e+00 0.000000000000000000e+00 0.000000000000000000e+00 1.000000000000000000e+00 -5.464926212884244627e-01 1.741350583042232669e+00 4.346035898051663349e-01 -1.146240732031815757e+00 2.919889252132663437e-03 -2.529028045645667633e-01
9.074050542426652655e-01 1.106739560407790507e-01 -4.054224289239908852e-01 -9.752618595177076077e-02 -1.474312768852740207e-01 9.872214124442981742e-01 -6.048058913520382857e-02 7.210057855392125459e-02 3.935480767107901179e-01 1.146523389862107167e-01 9.121265019151361120e-01 -1.083246097650306800e-01 0.000000000000000000e+00 0.000000000000000000e+00 0.000000000000000000e+00 1.000000000000000000e+00 -5.356471173862059620e-01 1.721499133108939761e+00 4.350472000328697297e-01 -1.161230577135813125e+00 4.041733168078888092e-04 -2.529458849372074880e-01
9.110799459388113641e-01 1.097593250446662755e-01 -3.973489971857507852e-01 -1.023316573835471727e-01 -1.447707314802461342e-01 9.876978475385174150e-01 -5.911342934864210336e-02 7.302599243586173350e-02 3.859724989917064364e-01 1.113815653385322318e-01 9.157616392620211432e-01 -1.117581037287539714e-01 0.000000000000000000e+00 0.000000000000000000e+00 0.000000000000000000e+00 1.000000000000000000e+00 -5.246583736698958722e-01 1.701699432524036659e+00 4.353915240099387463e-01 -1.175848124123390903e+00 -1.924163072607915342e-03 -2.529409496187071116e-01
9.146452714489210489e-01 1.087924231705699879e-01 -3.893433433007469913e-01 -1.072355929286684245e-01 -1.421251102803618716e-01 9.881618897340527230e-01 -5.776272985382341352e-02 7.393348038598458738e-02 3.784501063788396902e-01 1.081678736787501788e-01 9.192797349610247748e-01 -1.151806872651965352e-01 0.000000000000000000e+00 0.000000000000000000e+00 0.000000000000000000e+00 1.000000000000000000e+00 -5.135445785213733627e-01 1.681964214009765035e+00 4.356379666023997288e-01 -1.190096618683755825e+00 -4.069880946071719775e-03 -2.528902547186760441e-01
9.181031600007355520e-01 1.077747592199104071e-01 -3.814068585810568845e-01 -1.122360594356894281e-01 -1.394944868221151546e-01 9.886136558928252382e-01 -5.642984834165126751e-02 7.482338013096097307e-02 3.709823153847278121e-01 1.050125764380956117e-01 9.226833061735136843e-01 -1.185903848297052421e-01 0.000000000000000000e+00 0.000000000000000000e+00 0.000000000000000000e+00 1.000000000000000000e+00 -5.023229113912999200e-01 1.662304742650665634e+00 4.357880151249462486e-01 -1.203979330872626319e+00 -6.037770474966357506e-03 -2.527959496833491748e-01
9.214557486220934512e-01 1.067078730694963618e-01 -3.735408090989236207e-01 -1.173311023194236746e-01 -1.368789201952297085e-01 9.890532753611757100e-01 -5.511605899553322779e-02 7.569603076311254286e-02 3.635704431521178948e-01 1.019168723508439428e-01 9.259748846655442289e-01 -1.219853114818042900e-01 0.000000000000000000e+00 0.000000000000000000e+00 0.000000000000000000e+00 1.000000000000000000e+00 -4.910096122918410910e-01 1.642730957798201219e+00 4.358432287245361247e-01 -1.217499554284705132e+00 -7.832645063745031014e-03 -2.526600883632642014e-01
9.247051769939268473e-01 1.055933298016696748e-01 -3.657463427746891482e-01 -1.225187486651812957e-01 -1.342784564052917351e-01 9.894808886202036691e-01 -5.382255527896452618e-02 7.655177192925106955e-02 3.562157132880968691e-01 9.888185019950578025e-02 9.291570095242449590e-01 -1.253636709392670634e-01 0.000000000000000000e+00 0.000000000000000000e+00 0.000000000000000000e+00 1.000000000000000000e+00 -4.796200446514350957e-01 1.623251601543844069e+00 4.358052287343240350e-01 -1.230660605186717493e+00 -9.459335628450292813e-03 -2.524846383873107225e-01
9.278535828972431787e-01 1.044327142887653270e-01 -3.580244960991527670e-01 -1.277970101715739937e-01 -1.316931296347395308e-01 9.898966460143125978e-01 -5.255045264222073936e-02 7.739094306191945938e-02 3.489192613341291493e-01 9.590849249512796437e-02 9.322322206311506321e-01 -1.287237536168751861e-01 0.000000000000000000e+00 0.000000000000000000e+00 0.000000000000000000e+00 1.000000000000000000e+00 -4.681687522487203434e-01 1.603874335097846160e+00 4.356756899266696070e-01 -1.243465821621767109e+00 -1.092268506680847684e-02 -2.522714890987711178e-01
9.309030981937088667e-01 1.032276261984544780e-01 -3.503762005098852717e-01 -1.331638859389081830e-01 -1.291229634091903555e-01 9.903007065553611765e-01 -5.130079115357179254e-02 7.821388265220907687e-02 3.416821398943740706e-01 9.299767909414022315e-02 9.352030528238609586e-01 -1.320639346526179259e-01 0.000000000000000000e+00 0.000000000000000000e+00 0.000000000000000000e+00 1.000000000000000000e+00 -4.566695108648869961e-01 1.584605844268802466e+00 4.354563325965654652e-01 -1.255918562493637092e+00 -1.222754292309351752e-02 -2.520224582730796192e-01
9.338558452854568426e-01 1.019796753893940505e-01 -3.428022884396962344e-01 -1.386173651097404591e-01 -1.265679716755495621e-01 9.906932367998599887e-01 -5.007453805966681493e-02 7.902092756330218737e-02 3.345053234432535660e-01 9.015019075276367588e-02 9.380720306838543632e-01 -1.353826719242400001e-01 0.000000000000000000e+00 0.000000000000000000e+00 0.000000000000000000e+00 1.000000000000000000e+00 -4.451353752240851946e-01 1.565451935112838200e+00 4.351489154097924472e-01 -1.268022206637884786e+00 -1.337876024964387150e-02 -2.517392978058698438e-01
9.367139340051388041e-01 1.006904776691823489e-01 -3.353034990542413385e-01 -1.441554293677850263e-01 -1.240281597978633715e-01 9.910744097966868171e-01 -4.887259027907204373e-02 7.981241238385967940e-02 3.273897128319385175e-01 8.736671261965399393e-02 9.408416638940808596e-01 -1.386785040591373697e-01 0.000000000000000000e+00 0.000000000000000000e+00 0.000000000000000000e+00 1.000000000000000000e+00 -4.335787217292735862e-01 1.546417620709000351e+00 4.347552289533211378e-01 -1.279780151885097306e+00 -1.438118466578553259e-02 -2.514236985328664464e-01
9.394794588920931666e-01 9.936165088894415021e-02 -3.278804836946586643e-01 -1.497760553010321904e-01 -1.215035254764374878e-01 9.914444041028186438e-01 -4.769577683236313898e-02 8.058866882034541879e-02 3.203361395122146793e-01 8.464783766717436098e-02 9.435144431151687439e-01 -1.419500484406376051e-01 0.000000000000000000e+00 0.000000000000000000e+00 0.000000000000000000e+00 1.000000000000000000e+00 -4.220112874452672247e-01 1.527507199917610414e+00 4.342770899288568853e-01 -1.291195814120457142e+00 -1.523965561394567854e-02 -2.510772943197888685e-01
9.421544968148627408e-01 9.799481135096704820e-02 -3.205338110401219076e-01 -1.554772166346479745e-01 -1.189940595953452446e-01 9.918034028646062206e-01 -4.654486121166983431e-02 8.135002512734983149e-02 3.133453694950651958e-01 8.199407006147313437e-02 9.460928363337655078e-01 -1.451959992136940270e-01 0.000000000000000000e+00 0.000000000000000000e+00 0.000000000000000000e+00 1.000000000000000000e+00 -4.104442057310626613e-01 1.508724328889521793e+00 4.337163359338883639e-01 -1.302272626342762862e+00 -1.595899981191845410e-02 -2.507016655402048988e-01
9.447411049042220288e-01 9.659157050770703079e-02 -3.132639720042856291e-01 -1.612568863389728935e-01 -1.164997470030864346e-01 9.921515929621393948e-01 -4.542054369213725101e-02 8.209680557494805631e-02 3.064181070602602919e-01 7.940582847136973266e-02 9.485792856407493367e-01 -1.484151252929773179e-01 0.000000000000000000e+00 0.000000000000000000e+00 0.000000000000000000e+00 1.000000000000000000e+00 -3.988880388791655740e-01 1.490072086015173491e+00 4.330748207780957815e-01 -1.313014037725240835e+00 -1.654402689955082606e-02 -2.502983420418016247e-01
9.472413187644083132e-01 9.515353193219634742e-02 -3.060713843787642996e-01 -1.671130386177139548e-01 -1.140205672308271245e-01 9.924891642142724679e-01 -4.432346358739655545e-02 8.282932995210240401e-02 2.995549982322685545e-01 7.688344931592405729e-02 9.509762044008499560e-01 -1.516062683762726682e-01 0.000000000000000000e+00 0.000000000000000000e+00 0.000000000000000000e+00 1.000000000000000000e+00 -3.873528080800714979e-01 1.471553030931927353e+00 4.323544102864456118e-01 -1.323423512679829717e+00 -1.699952527753718218e-02 -2.498688056864680207e-01
9.496571509334333916e-01 9.368228854143922923e-02 -2.989563972360233524e-01 -1.730436507812234403e-01 -1.115564951523481396e-01 9.928163086419035110e-01 -4.325420145082166379e-02 8.354791310509597502e-02 2.927566340368930042e-01 7.442718995047291342e-02 9.532859747786428528e-01 -1.547683409659892373e-01 0.000000000000000000e+00 0.000000000000000000e+00 0.000000000000000000e+00 1.000000000000000000e+00 -3.758480209947508976e-01 1.453169258145438736e+00 4.315569785437102790e-01 -1.333504529926105242e+00 -1.733025813553259326e-02 -2.494144925366016952e-01
9.519905895662216233e-01 9.217942005578855236e-02 -2.919192951033605099e-01 -1.790467050095768675e-01 -1.091075015895529854e-01 9.931332197871237666e-01 -4.221328122408181394e-02 8.425286450996424814e-02 2.860235535521836736e-01 7.203723179085649853e-02 9.555109455889768677e-01 -1.579003244014689500e-01 0.000000000000000000e+00 0.000000000000000000e+00 0.000000000000000000e+00 1.000000000000000000e+00 -3.643826971865227193e-01 1.434922445764878374e+00 4.306844045384699005e-01 -1.343260581565603573e+00 -1.754095966640365975e-02 -2.489367947488827226e-01
9.542435973169077768e-01 9.064649067857361020e-02 -2.849603019190121711e-01 -1.851201900099966047e-01 -1.066735538671311351e-01 9.934400920858779127e-01 -4.120117233427639247e-02 8.494448787787396704e-02 2.793562467663792126e-01 6.971368337552424910e-02 9.576534304426904676e-01 -1.610012669046458900e-01 0.000000000000000000e+00 0.000000000000000000e+00 0.000000000000000000e+00 1.000000000000000000e+00 -3.529653916356617627e-01 1.416813899801913967e+00 4.297385691678546893e-01 -1.352695172161996195e+00 -1.763633146312095987e-02 -2.484370622271645790e-01
9.564181103989598531e-01 8.908504698140949640e-02 -2.780795847808277821e-01 -1.912621025730128210e-01 -1.042546163197382303e-01 9.937371202918037216e-01 -4.021829174075332997e-02 8.562308079238534209e-02 2.727551572548845282e-01 6.745658336519828879e-02 9.597157061610027684e-01 -1.640702816414610632e-01 0.000000000000000000e+00 0.000000000000000000e+00 0.000000000000000000e+00 1.000000000000000000e+00 -3.416042165351130810e-01 1.398844594438808597e+00 4.287213525673551628e-01 -1.361811817827333071e+00 -1.762103909454805495e-02 -2.479166040779051394e-01
9.585160378038992679e-01 8.749661598167433885e-02 -2.712772574974072759e-01 -1.974704490316101790e-01 -1.018506507548382622e-01 9.940244989489488425e-01 -3.926500593256091604e-02 8.628893437752267748e-02 2.662206846875888600e-01 6.526590347978056261e-02 9.617000114342567629e-01 -1.671065448012827859e-01 0.000000000000000000e+00 0.000000000000000000e+00 0.000000000000000000e+00 1.000000000000000000e+00 -3.303068615434568978e-01 1.381015208631192426e+00 4.276346317329475788e-01 -1.370614045314406892e+00 -1.749970885618936170e-02 -2.473766899045165002e-01
9.605392606612923601e-01 8.588270339960273059e-02 -2.645533839510922358e-01 -2.037432466274713139e-01 -9.946161687415250308e-02 9.943024219110934148e-01 -3.834163287736053194e-02 8.694233299557160843e-02 2.597531871771703860e-01 6.314155137221308389e-02 9.636085457027716572e-01 -1.701092936964241908e-01 0.000000000000000000e+00 0.000000000000000000e+00 0.000000000000000000e+00 1.000000000000000000e+00 -3.190806126514904029e-01 1.363326159375475743e+00 4.264802784055480300e-01 -1.379105391115169388e+00 -1.727692469181478854e-02 -2.468185509709929504e-01
9.624896317244044930e-01 8.424479208332132096e-02 -2.579079812817312578e-01 -2.100785247882982210e-01 -9.708747265647434121e-02 9.945710819054421892e-01 -3.744844392253115356e-02 8.758355397351719196e-02 2.533529834784150059e-01 6.108337343903726818e-02 9.654434682394467115e-01 -1.730778248836868094e-01 0.000000000000000000e+00 0.000000000000000000e+00 0.000000000000000000e+00 1.000000000000000000e+00 -3.079323698012049748e-01 1.345777631939037100e+00 4.252601571904149336e-01 -1.387289400565066000e+00 -1.695722528177555713e-02 -2.462433812600421656e-01
