4.042546717964708991e-01 5.114285512358615060e-01 7.583000707579522492e-01 0.000000000000000000e+00 -9.070040136093975303e-01 3.311027142043680982e-01 2.602205063843823218e-01 0.000000000000000000e+00 -1.179910150272955316e-01 -7.929765631008827143e-01 5.977175677069733739e-01 0.000000000000000000e+00 0.000000000000000000e+00 0.000000000000000000e+00 0.000000000000000000e+00 1.000000000000000000e+00 4.328656898131296726e-01 -4.015552567361236891e-01 5.520167755242416652e-01 8.411496478813651478e-02 -2.339739214876069284e-01 -3.143725767796091142e-01
4.074370049567480057e-01 5.122097743751896637e-01 7.560662897009280403e-01 -1.553609768182631938e-03 -9.054487874022519867e-01 3.344408723906181491e-01 2.613652546882530570e-01 -1.154305779399483322e-03 -1.189856315370280831e-01 -7.910691816723823822e-01 6.000433064437856734e-01 -1.326134643901814598e-04 0.000000000000000000e+00 0.000000000000000000e+00 0.000000000000000000e+00 1.000000000000000000e+00 6.086356975059973307e-01 -4.860953337123848361e-01 6.215612946041892961e-01 8.843404518104924783e-02 -1.957569845627278038e-01 -3.084232010254077672e-01
4.111036180039706056e-01 5.134872090001315614e-01 7.532096004622411689e-01 -2.970039617944751631e-03 -9.036542183812976692e-01 3.383326655138298444e-01 2.625643944401993002e-01 -2.259948413781613479e-03 -1.200119540416677150e-01 -7.885822050969909514e-01 6.031046652930354135e-01 -4.035316728842697296e-04 0.000000000000000000e+00 0.000000000000000000e+00 0.000000000000000000e+00 1.000000000000000000e+00 7.829729429902052562e-01 -5.616026228388401043e-01 6.962643974120517054e-01 9.273559158802424651e-02 -1.580168734493619664e-01 -3.002691053961131229e-01
4.152280904263822570e-01 5.152356411510918832e-01 7.497452021414608980e-01 -4.242981038983739683e-03 -9.016200540287826470e-01 3.427950824586977197e-01 2.637665821819505929e-01 -3.314343130002396845e-03 -1.211070247631965691e-01 -7.855086036138110295e-01 6.068849339770435725e-01 -8.062604868440794229e-04 0.000000000000000000e+00 0.000000000000000000e+00 0.000000000000000000e+00 1.000000000000000000e+00 9.559179338387293612e-01 -6.271298491219301496e-01 7.741177148805716834e-01 9.706955492588126289e-02 -1.207645639826657458e-01 -2.909257045902932104e-01
4.197462919000456982e-01 5.174397795334944039e-01 7.457004267313300794e-01 -5.375886092067587788e-03 -8.993635860677208216e-01 3.478189241530248443e-01 2.648908008538769510e-01 -4.318263739326010271e-03 -1.223036831477786468e-01 -7.818427409940426065e-01 6.113621991944077072e-01 -1.341893676920028963e-03 0.000000000000000000e+00 0.000000000000000000e+00 0.000000000000000000e+00 1.000000000000000000e+00 1.127472669671035543e+00 -6.710911361791924712e-01 8.457670974263917785e-01 1.014927796056436515e-01 -8.401887794612097893e-02 -2.846869196054864215e-01
4.245690518820863790e-01 5.200919752283077457e-01 7.411109628108331071e-01 -6.379390415013632375e-03 -8.969150886173364867e-01 3.533749977518655383e-01 2.658372343047709085e-01 -5.275021153332227521e-03 -1.236302732100963420e-01 -7.775798670381041111e-01 6.165104276121865512e-01 -2.017228732905440147e-03 0.000000000000000000e+00 0.000000000000000000e+00 0.000000000000000000e+00 1.000000000000000000e+00 1.297601529798990905e+00 -6.970256871785415198e-01 9.120258378576784342e-01 1.060599485403710684e-01 -4.781119679941507605e-02 -2.812500817814529985e-01
4.296192538033238861e-01 5.231785464764368010e-01 7.360105347224973338e-01 -7.260653770845150456e-03 -8.943021176877103962e-01 3.594287408256766070e-01 2.665233629075533517e-01 -6.186741131115143857e-03 -1.251040348652691925e-01 -7.727193477528538912e-01 6.222971892600600574e-01 -2.836190910924951507e-03 0.000000000000000000e+00 0.000000000000000000e+00 0.000000000000000000e+00 1.000000000000000000e+00 1.462871853390974364e+00 -7.079116918909823530e-01 9.710987032204128067e-01 1.108183726636175342e-01 -1.217201418764914111e-02 -2.792217569571918689e-01
4.348204027571850872e-01 5.266704971175444339e-01 7.304446638569536132e-01 -8.017612301564612173e-03 -8.915568876149272404e-01 3.659170526570302839e-01 2.668914145477567224e-01 -7.052260578577071101e-03 -1.267183253358059591e-01 -7.672828030658039866e-01 6.286649092003093742e-01 -3.794873688838080582e-03 0.000000000000000000e+00 0.000000000000000000e+00 0.000000000000000000e+00 1.000000000000000000e+00 1.613505848195037728e+00 -7.064825059180409594e-01 1.016358906977143040e+00 1.158147158592367915e-01 2.289369698169042844e-02 -2.751413798296421520e-01
4.401006780764281645e-01 5.305306830696389087e-01 7.244643467944481552e-01 -8.642553992795731777e-03 -8.887136190169342420e-01 3.727600938592715019e-01 2.669045077647809183e-01 -7.868365374037317173e-03 -1.284503678918606784e-01 -7.613061859601545356e-01 6.355418131940133719e-01 -4.884290960126281764e-03 0.000000000000000000e+00 0.000000000000000000e+00 0.000000000000000000e+00 1.000000000000000000e+00 1.751299624487072659e+00 -6.955892338390119445e-01 1.049599998290694947e+00 1.210891682456044643e-01 5.740244014574152204e-02 -2.694592870841094334e-01
4.454025910313553216e-01 5.347261314624037754e-01 7.181117591689665236e-01 -9.129189700324063725e-03 -8.858014962788893776e-01 3.798870915094262890e-01 2.665361277340919099e-01 -8.632345772708788917e-03 -1.302775558927108945e-01 -7.548203522947013466e-01 6.428639019826163370e-01 -6.096268846366693049e-03 0.000000000000000000e+00 0.000000000000000000e+00 0.000000000000000000e+00 1.000000000000000000e+00 1.877712460445290832e+00 -6.776329053835888905e-01 1.072324116327001864e+00 1.266685497292910911e-01 9.136915666689504611e-02 -2.625204310742827452e-01
4.506805529194983784e-01 5.392273725715931443e-01 7.114217331630356966e-01 -9.472324644279396175e-03 -8.828454878069852407e-01 3.872348207895392469e-01 2.657687693270919804e-01 -9.341900273125168519e-03 -1.321774729394400716e-01 -7.478522825987039546e-01 6.505736556967874895e-01 -7.423205205670489748e-03 0.000000000000000000e+00 0.000000000000000000e+00 0.000000000000000000e+00 1.000000000000000000e+00 1.993932530035400275e+00 -6.546447553806801212e-01 1.085788512515592608e+00 1.325683751900411378e-01 1.248070080584956498e-01 -2.545871742436249252e-01
4.558988393755120105e-01 5.440078779125905317e-01 7.044229408815165794e-01 -9.667604339821334047e-03 -8.798670186118816572e-01 3.947463662469429257e-01 2.645927747487242798e-01 -9.995061181141564818e-03 -1.341278430773872876e-01 -7.404260513946653299e-01 6.586189996370860333e-01 -8.857883019068795577e-03 0.000000000000000000e+00 0.000000000000000000e+00 0.000000000000000000e+00 1.000000000000000000e+00 2.100929821619677007e+00 -6.283480104722199977e-01 1.091046177861917821e+00 1.387946773545671864e-01 1.577274549501010426e-01 -2.458567717107613404e-01
4.610298744966267459e-01 5.490435932789422546e-01 6.971388600498681365e-01 -9.711319241102420521e-03 -8.768845346259016571e-01 4.023701196113957934e-01 2.630053238407520921e-01 -1.059013718558054866e-02 -1.361064591877638730e-01 -7.325635959537224462e-01 6.669524813033386179e-01 -1.039332553029928205e-02 0.000000000000000000e+00 0.000000000000000000e+00 0.000000000000000000e+00 1.000000000000000000e+00 2.199499484095583490e+00 -6.002045859908837766e-01 1.088980579211102029e+00 1.453455754405068023e-01 1.901404934337865837e-01 -2.364754650767710298e-01
4.660527735491204471e-01 5.543125556973288459e-01 6.895885770658451985e-01 -9.600256639582867291e-03 -8.739139862503463307e-01 4.100589761037797265e-01 2.610095427011591696e-01 -1.112566967938639038e-02 -1.380911198728710931e-01 -7.242853232017089082e-01 6.755306180828806184e-01 -1.202268489676239921e-02 0.000000000000000000e+00 0.000000000000000000e+00 0.000000000000000000e+00 1.000000000000000000e+00 2.290297224739653359e+00 -5.714512737364801920e-01 1.080335278936164434e+00 1.522126044247468502e-01 2.220549595206107174e-01 -2.265497725082401548e-01
4.709520986957563271e-01 5.597945823739669535e-01 6.817874662182840106e-01 -9.331590235865111146e-03 -8.709692486616603668e-01 4.177696962924407620e-01 2.586137069312682835e-01 -1.160040007117052289e-02 -1.400595913007866011e-01 -7.156105848735614394e-01 6.843133818232006726e-01 -1.373915771965413500e-02 0.000000000000000000e+00 0.000000000000000000e+00 0.000000000000000000e+00 1.000000000000000000e+00 2.373868140589665998e+00 -5.431285054345778018e-01 1.065739098611852453e+00 1.593818320019828594e-01 2.534788478854194116e-01 -2.161555017928724898e-01
4.757167929984626453e-01 5.654710201671285796e-01 6.737477725931474426e-01 -8.902799574318808959e-03 -8.680624899152342699e-01 4.254624049056951463e-01 2.558305226527226583e-01 -1.201324580343703270e-02 -1.419896016296147978e-01 -7.065580444779308023e-01 6.932637923043782902e-01 -1.553592221369953438e-02 0.000000000000000000e+00 0.000000000000000000e+00 0.000000000000000000e+00 1.000000000000000000e+00 2.450670163893300391e+00 -5.161037391153748821e-01 1.045727385304288770e+00 1.668347942690036056e-01 2.844196133931367609e-01 -2.053449580881351322e-01
4.803392655950728951e-01 5.713245452070576658e-01 6.654791182896580004e-01 -8.311613064454367872e-03 -8.652044937280205517e-01 4.331002017941119053e-01 2.526764729543480303e-01 -1.236328320015400890e-02 -1.438588700296410394e-01 -6.971459547097446086e-01 7.023475964991985343e-01 -1.740609291935497210e-02 0.000000000000000000e+00 0.000000000000000000e+00 0.000000000000000000e+00 1.000000000000000000e+00 2.521093081965609439e+00 -4.910909192433969284e-01 1.020759887103489749e+00 1.745492806216175641e-01 3.148844378056481208e-01 -1.941527161799418144e-01
4.848146066031276957e-01 5.773390035324166281e-01 6.569889460039388673e-01 -7.555969543367268768e-03 -8.624049411857065417e-01 4.406488635967885092e-01 2.491712206764438164e-01 -1.264973558928839462e-02 -1.456451687709713894e-01 -6.873923602902780594e-01 7.115330145782396976e-01 -1.934268972650233370e-02 0.000000000000000000e+00 0.000000000000000000e+00 0.000000000000000000e+00 1.000000000000000000e+00 2.585473914882252089e+00 -4.686670431266198866e-01 9.912356910521978870e-01 1.824999955125291562e-01 3.448804528249827528e-01 -1.826002470016771240e-01
4.891399145194601505e-01 5.834992848657402087e-01 6.482829101295757290e-01 -6.633994316700412251e-03 -8.596726540529746607e-01 4.480766176565155745e-01 2.453370608032474920e-01 -1.287196540739847690e-02 -1.473264146704033051e-01 -6.773152384920393398e-01 7.207905370407868828e-01 -2.133861863632275507e-02 0.000000000000000000e+00 0.000000000000000000e+00 0.000000000000000000e+00 1.000000000000000000e+00 2.644109291871311829e+00 -4.492865712321150173e-01 9.575056247571983592e-01 1.906591208867054743e-01 3.744149161170287621e-01 -1.706996254144222958e-01
4.933137220548260982e-01 5.897912228260789869e-01 6.393652227956516665e-01 -5.543986399685891901e-03 -8.570158015390405559e-01 4.553539723945587148e-01 2.411984174738292241e-01 -1.302946920899980890e-02 -1.488807849449071963e-01 -6.669325875728918662e-01 7.300927602527947924e-01 -2.338666218799330052e-02 0.000000000000000000e+00 0.000000000000000000e+00 0.000000000000000000e+00 1.000000000000000000e+00 2.697265352084916135e+00 -4.332942098876320092e-01 9.198824745079606791e-01 1.989967990342575432e-01 4.034953403849248499e-01 -1.584564971878077710e-01
4.973355087479925940e-01 5.962015159366277350e-01 6.302389603713557387e-01 -4.284414304956504771e-03 -8.544420720467433839e-01 4.624535907344827779e-01 2.367813819121964147e-01 -1.312187468437239247e-02 -1.502868519004815773e-01 -6.562624718152598735e-01 7.394142501441669513e-01 -2.547947785738456650e-02 0.000000000000000000e+00 0.000000000000000000e+00 0.000000000000000000e+00 1.000000000000000000e+00 2.745185602177285578e+00 -4.209364454148867285e-01 8.786493286353540544e-01 2.074815516989205189e-01 4.321295776872686178e-01 -1.458724448617514102e-01
5.012052905427443195e-01 6.027176647168360768e-01 6.209063346668447503e-01 -2.853918222770909785e-03 -8.519588114369384124e-01 4.693501952877599526e-01 2.321132885353520692e-01 -1.314893894379836302e-02 -1.515237306944398898e-01 -6.453230307025759060e-01 7.487314259300885677e-01 -2.760960302512287246e-02 0.000000000000000000e+00 0.000000000000000000e+00 0.000000000000000000e+00 1.000000000000000000e+00 2.788097087492515946e+00 -4.123721009769381607e-01 8.340663155227803216e-01 2.160806477740558895e-01 4.603258625035971940e-01 -1.329468624278394295e-01
5.049232779268839622e-01 6.093279209554774978e-01 6.113689321761031081e-01 -1.251316838718262089e-03 -8.495731295417244811e-01 4.760204959085688747e-01 2.272223272011914263e-01 -1.311054745968872649e-02 -1.525712345129040248e-01 -6.341324588610157686e-01 7.580224575278641241e-01 -2.976946533344462104e-02 0.000000000000000000e+00 0.000000000000000000e+00 0.000000000000000000e+00 1.000000000000000000e+00 2.826215172263155662e+00 -4.076821088459453568e-01 7.863759711561013610e-01 2.247604289093963204e-01 4.880928178356433444e-01 -1.196784257377919436e-01
5.084931344442840118e-01 6.160136147485216762e-01 6.016327465820483500e-01 5.228027898050659119e-04 -8.472891927721982741e-01 4.824463113454203200e-01 2.221409044856267612e-01 -1.300729905582055472e-02 -1.534136782707129498e-01 -6.227140485797049152e-01 7.672623150641115775e-01 -3.195337490643637007e-02 0.000000000000000000e+00 0.000000000000000000e+00 0.000000000000000000e+00 1.000000000000000000e+00 2.856636502277492440e+00 -4.068708746512387786e-01 7.381222922165117106e-01 2.334885263680483991e-01 5.154316648088558273e-01 -1.070996532340737356e-01
5.119260343774924005e-01 6.227404857379055247e-01 5.917144800061299170e-01 2.464242554351330633e-03 -8.451047608608068806e-01 4.886186715206419784e-01 2.169095156801564284e-01 -1.284116926836382545e-02 -1.540444064337882779e-01 -6.111023518733631477e-01 7.764175677243534412e-01 -3.416003551971458219e-02 0.000000000000000000e+00 0.000000000000000000e+00 0.000000000000000000e+00 1.000000000000000000e+00 2.875958577521507298e+00 -4.097621967510661767e-01 6.923351998234648086e-01 2.422374386550437131e-01 5.423260411670618453e-01 -9.646252132439048221e-02
5.152358217561078257e-01 6.294694546105948918e-01 5.816358455202934596e-01 4.567281970273838997e-03 -8.430146524616493053e-01 4.945342151231701400e-01 2.115708080041755201e-01 -1.261471077997963763e-02 -1.544614656761503224e-01 -5.993363988596432934e-01 7.854537158252991036e-01 -3.639017002927028704e-02 0.000000000000000000e+00 0.000000000000000000e+00 0.000000000000000000e+00 1.000000000000000000e+00 2.885619408618337545e+00 -4.159850757495602847e-01 6.485940318160624551e-01 2.509835215508159356e-01 5.687513498165844839e-01 -8.747799670179576270e-02
5.184336535284453928e-01 6.361679134977032968e-01 5.714166044390399657e-01 6.826942451298343220e-03 -8.410148642348047598e-01 5.001906153907508257e-01 2.061633997862211132e-01 -1.233020494705363949e-02 -1.546626835911158182e-01 -5.874519021464726931e-01 7.943423191800238481e-01 -3.864368269248471405e-02 0.000000000000000000e+00 0.000000000000000000e+00 0.000000000000000000e+00 1.000000000000000000e+00 2.886890982676507456e+00 -4.251591519759992388e-01 6.065548044914148562e-01 2.597042237324467817e-01 5.946865556987971368e-01 -7.989377722662900638e-02
5.215282736913626760e-01 6.428088947149923627e-01 5.610748503715008439e-01 9.238853335190836888e-03 -8.391024229964977321e-01 5.055865752726267370e-01 2.007220457051314411e-01 -1.198970704644026879e-02 -1.546459961857042098e-01 -5.754814879866642086e-01 8.030601944509964119e-01 -4.091977950161118649e-02 0.000000000000000000e+00 0.000000000000000000e+00 0.000000000000000000e+00 1.000000000000000000e+00 2.880896957388936919e+00 -4.369078294054185019e-01 5.659375377808641971e-01 2.683778435252535122e-01 6.201142480197771034e-01 -7.349061066095219363e-02
5.245262879156266100e-01 6.493703324226375306e-01 5.506272312176384576e-01 1.179913555380943981e-02 -8.372752369537038719e-01 5.107217867322662030e-01 1.952778409160661199e-01 -1.159508530952345177e-02 -1.544096873465850284e-01 -5.634549060704708845e-01 8.115887014588584192e-01 -4.321707739347947774e-02 0.000000000000000000e+00 0.000000000000000000e+00 0.000000000000000000e+00 1.000000000000000000e+00 2.868629075346531110e+00 -4.508674926280179518e-01 5.265154619912648659e-01 2.769833694042712624e-01 6.450205395828532140e-01 -6.807875720447030543e-02
5.274324304827212595e-01 6.558344097886483759e-01 5.400891234938601793e-01 1.450430162181955314e-02 -8.355319516477739406e-01 5.155968662245573597e-01 1.898584481435603155e-01 -1.114805405121178754e-02 -1.539525567471550505e-01 -5.513992217436004539e-01 8.199131122165479457e-01 -4.553370269873929094e-02 0.000000000000000000e+00 0.000000000000000000e+00 0.000000000000000000e+00 1.000000000000000000e+00 2.850962186288605871e+00 -4.666936623809252449e-01 4.881058803106891886e-01 2.855003841054687408e-01 6.693948616464104884e-01 -6.349465347272324756e-02
5.302498178007956087e-01 6.621869837493384869e-01 5.294747702964224256e-01 1.735117047698473552e-02 -8.338718144891553719e-01 5.202132754807011761e-01 1.844883357701374571e-01 -1.065020134798325829e-02 -1.532740304205655046e-01 -5.393389934407269992e-01 8.280220557476258847e-01 -4.786737930717703537e-02 0.000000000000000000e+00 0.000000000000000000e+00 0.000000000000000000e+00 1.000000000000000000e+00 2.828667843411966754e+00 -4.840647999365521037e-01 4.505624723039111101e-01 2.939090153193977262e-01 6.932296969847641099e-01 -5.959781535977339700e-02
5.329801847697092088e-01 6.684170794486987699e-01 5.187973917160640935e-01 2.033679565154603019e-02 -8.322945503506066212e-01 5.245732344124593993e-01 1.791890181362231216e-01 -1.010301180336165700e-02 -1.523742260936044590e-01 -5.272964374396571507e-01 8.359070315162473452e-01 -5.021550711827554164e-02 0.000000000000000000e+00 0.000000000000000000e+00 0.000000000000000000e+00 1.000000000000000000e+00 2.802426497817921192e+00 -5.026843422431643837e-01 4.137688403085032496e-01 3.021899191228028525e-01 7.165202816460012336e-01 -5.626800023930947359e-02
5.356241018437849499e-01 6.745164467417774645e-01 5.080692745177670666e-01 2.345840526716650234e-02 -8.308002495778228358e-01 5.286796311199016829e-01 1.739792917893125401e-01 -9.507884975394122543e-03 -1.512539834265220207e-01 -5.152915815643126507e-01 8.435619843984893951e-01 -5.257523141349459278e-02 0.000000000000000000e+00 0.000000000000000000e+00 0.000000000000000000e+00 1.000000000000000000e+00 2.772838355306695313e+00 -5.222814349900890551e-01 3.776331199941491690e-01 3.103242852594133017e-01 7.392642966341534949e-01 -5.340263549938719517e-02
5.381811718460000060e-01 6.804791716420590664e-01 4.973018463122707011e-01 2.671335240605480013e-02 -8.293892689375754745e-01 5.325359325680499856e-01 1.688754633805557570e-01 -8.866150041648800453e-03 -1.499148675643116324e-01 -5.033424091254946608e-01 8.509829344470430934e-01 -5.494350382862289717e-02 0.000000000000000000e+00 0.000000000000000000e+00 0.000000000000000000e+00 1.000000000000000000e+00 2.740432985256041398e+00 -5.426107322896430718e-01 3.420834964169149339e-01 3.182938559633005648e-01 7.614615638129987873e-01 -5.091451029929804084e-02
5.406502064774497684e-01 6.863013361901851850e-01 4.865057381960166683e-01 3.009907450220574224e-02 -8.280621454121686043e-01 5.361460984097901061e-01 1.638915664046809439e-01 -8.179077253840328840e-03 -1.483591528830739137e-01 -4.914649941408211764e-01 8.581676551574902723e-01 -5.731713562342563573e-02 0.000000000000000000e+00 0.000000000000000000e+00 0.000000000000000000e+00 1.000000000000000000e+00 2.705677785477216712e+00 -5.634515495019952747e-01 3.070644864705028843e-01 3.260809521774488684e-01 7.831137552335948326e-01 -4.872972025975203653e-02
5.430293830990003956e-01 6.919807208587999137e-01 4.756908388587028913e-01 3.361306050653133093e-02 -8.268195223232467361e-01 5.395144996074241472e-01 1.590395651042474656e-01 -7.447886695163598476e-03 -1.465897925043025685e-01 -4.796736286892779866e-01 8.651153944712492994e-01 -5.969284394530320614e-02 0.000000000000000000e+00 0.000000000000000000e+00 0.000000000000000000e+00 1.000000000000000000e+00 2.668985412641812438e+00 -5.846065886251645694e-01 2.725338669951662962e-01 3.336685027650477808e-01 8.042241214086258694e-01 -4.678585003920719687e-02
5.453163827909625061e-01 6.975165442440068864e-01 4.648663423980181619e-01 3.725282469836864452e-02 -8.256620869891296843e-01 5.426458428866414163e-01 1.543295446890584066e-01 -6.673754805502974709e-03 -1.446103780355648960e-01 -4.679809431121886298e-01 8.718266333028630299e-01 -6.206729176773854995e-02 0.000000000000000000e+00 0.000000000000000000e+00 0.000000000000000000e+00 1.000000000000000000e+00 2.630720287574208616e+00 -6.059004017846474355e-01 2.384601445775802464e-01 3.410400736809436895e-01 8.247972414535540420e-01 -4.503037590200854867e-02
5.475085109671540273e-01 7.029092354013395383e-01 4.540407914944428192e-01 4.101588613641717757e-02 -8.245905189541874458e-01 5.455451015983061591e-01 1.497698876209576646e-01 -5.857819087855807919e-03 -1.424250930593034536e-01 -4.563980196587216764e-01 8.783028769269780600e-01 -6.443712215674100852e-02 0.000000000000000000e+00 0.000000000000000000e+00 0.000000000000000000e+00 1.000000000000000000e+00 2.591204280377826574e+00 -6.271777156800253383e-01 2.048204781091321758e-01 3.481798951185937629e-01 8.448387962168154575e-01 -4.341926898977822857e-02
5.496028019701402201e-01 7.081602347477744530e-01 4.432221171487215061e-01 4.489975285968132723e-02 -8.236054477479373137e-01 5.482174532283727864e-01 1.453674361361637635e-01 -5.001181357081359649e-03 -1.400386631120258685e-01 -4.449345000823544116e-01 8.845464750833289536e-01 -6.679898748268374431e-02 0.000000000000000000e+00 0.000000000000000000e+00 0.000000000000000000e+00 1.000000000000000000e+00 2.550721673527004629e+00 -6.483017064515743666e-01 1.715989784542800434e-01 3.550728854294764036e-01 8.643553643176095092e-01 -4.191577967708453450e-02
5.515961091359022905e-01 7.132718199634209277e-01 4.324176758414172705e-01 4.890191006025140091e-02 -8.227074191123938673e-01 5.506682235552972093e-01 1.411276414642986254e-01 -4.104909841821477445e-03 -1.374563042537319257e-01 -4.335986876198026918e-01 8.905604671444805609e-01 -6.914957415375494465e-02 0.000000000000000000e+00 0.000000000000000000e+00 0.000000000000000000e+00 1.000000000000000000e+00 2.509523492837671288e+00 -6.691522885853891101e-01 1.387853211887142280e-01 3.617046711797377023e-01 8.833542402377618785e-01 -4.048938380931763753e-02
5.534851818135413382e-01 7.182469537846034591e-01 4.216342847144747830e-01 5.301981155279827246e-02 -8.218968686602790008e-01 5.529028372848152628e-01 1.370547003890348892e-01 -3.170040403616444357e-03 -1.346836718028617819e-01 -4.223976437223049274e-01 8.963484491349196226e-01 -7.148562340304577545e-02 0.000000000000000000e+00 0.000000000000000000e+00 0.000000000000000000e+00 1.000000000000000000e+00 2.467831287436157428e+00 -6.896244616863562715e-01 1.063736184210636038e-01 3.680616031092753260e-01 9.018432731505694466e-01 -3.911487253613396553e-02
5.552667307783324402e-01 7.230891509850519983e-01 4.108782551804423533e-01 5.725087395947115604e-02 -8.211741019796320318e-01 5.549267748763125896e-01 1.331516799061494283e-01 -2.197577094683114251e-03 -1.317268103877291818e-01 -4.113372798583407319e-01 9.019144597892273518e-01 -7.380394861592795563e-02 0.000000000000000000e+00 0.000000000000000000e+00 0.000000000000000000e+00 1.000000000000000000e+00 2.425840431031389244e+00 -7.096267439615999706e-01 7.436150435707758466e-02 3.741307680306800720e-01 9.198307249223232063e-01 -3.777156867789837474e-02
5.569374833994872320e-01 7.278023621968149337e-01 4.001554252213236351e-01 6.159247311313338635e-02 -8.205392802711960476e-01 5.567455351997189217e-01 1.294206307911048848e-01 -1.188492237888902564e-03 -1.285921061255440589e-01 -4.004224446650296310e-01 9.072628831920535042e-01 -7.610144963923935746e-02 0.000000000000000000e+00 0.000000000000000000e+00 0.000000000000000000e+00 1.000000000000000000e+00 2.383723008324018178e+00 -7.290797100433076272e-01 4.274939665442820114e-02 3.798999968815368611e-01 9.373251456232634116e-01 -3.644265395425467374e-02
5.584942298287218776e-01 7.323908725314645096e-01 3.894711905344580560e-01 6.604194225666817908e-02 -8.199924106855280836e-01 5.583646036165813564e-01 1.258626909056834720e-01 -1.437261791774398657e-04 -1.252862414708207639e-01 -3.896570066911399510e-01 9.123983658556782395e-01 -7.837512446993312454e-02 0.000000000000000000e+00 0.000000000000000000e+00 0.000000000000000000e+00 1.000000000000000000e+00 2.341630342477218907e+00 -7.479146425057106029e-01 1.153990189973381694e-02 3.853578692491055890e-01 9.543352648843712593e-01 -3.511459286155485526e-02
5.599338613706174028e-01 7.368592132298165120e-01 3.788305346083408187e-01 7.059657168185864973e-02 -8.195333406111546815e-01 5.597894250558286267e-01 1.224781790634910661e-01 9.358131660996275077e-04 -1.218161530641242996e-01 -3.790439329466369633e-01 9.173257463652738641e-01 -8.062207867898160685e-02 0.000000000000000000e+00 0.000000000000000000e+00 0.000000000000000000e+00 1.000000000000000000e+00 2.299695212346205331e+00 -7.660723004293856775e-01 -1.926266114093453524e-02 3.904937147413109488e-01 9.708698974988764219e-01 -3.377664043834487095e-02
5.612534020869560658e-01 7.412120847994685402e-01 3.682380577598143301e-01 7.525360950870302323e-02 -8.191617552490871867e-01 5.610253816477502875e-01 1.192666802462055281e-01 2.049250876124602411e-03 -1.181889927493348647e-01 -3.685853634509883570e-01 9.220499959612268315e-01 -8.283953288694394235e-02 0.000000000000000000e+00 0.000000000000000000e+00 0.000000000000000000e+00 1.000000000000000000e+00 2.258033801664108609e+00 -7.835018041078429807e-01 -4.965264236053724273e-02 3.952976115975441740e-01 9.869378617673059129e-01 -3.242042255785011762e-02
5.624500345791249023e-01 7.454542902985339392e-01 3.576980051300531760e-01 8.001026335567634762e-02 -8.188771778897909748e-01 5.620777744843339363e-01 1.162271229228383634e-01 3.195745618857262146e-03 -1.144120918040680140e-01 -3.582826819541258812e-01 9.265761686358375826e-01 -8.502482857099288860e-02 0.000000000000000000e+00 0.000000000000000000e+00 0.000000000000000000e+00 1.000000000000000000e+00 2.216747416610232779e+00 -8.001596320599060341e-01 -7.962336333062053351e-02 3.997603829285061305e-01 1.002547909204659193e+00 -3.103957870339497938e-02
5.635211207882970808e-01 7.495906775952428935e-01 3.472142936158900683e-01 8.486370269414401923e-02 -8.186789723844570821e-01 5.629518090869060076e-01 1.133578491778322872e-01 4.374490223078790659e-03 -1.104929283361014009e-01 -3.481365829892577590e-01 9.309093595020898615e-01 -8.717543244949310655e-02 0.000000000000000000e+00 0.000000000000000000e+00 0.000000000000000000e+00 1.000000000000000000e+00 2.175924003111887384e+00 -8.160087245806513234e-01 -1.091673574351506165e-01 4.038735909546783409e-01 1.017708664355842396e+00 -2.962945839972929221e-02
5.644642185544290758e-01 7.536260895804230975e-01 3.367905377019113633e-01 8.981106171661899784e-02 -8.185663473721072059e-01 5.636525841804077563e-01 1.106566783039989177e-01 5.584712180240062815e-03 -1.064390977323715903e-01 -3.381471354049494504e-01 9.350546703484527988e-01 -8.928893965945938760e-02 0.000000000000000000e+00 0.000000000000000000e+00 0.000000000000000000e+00 1.000000000000000000e+00 2.135639490804130958e+00 -8.310176868799789007e-01 -1.382765594128571029e-01 4.076295295841494415e-01 1.032428573592888865e+00 -2.818686358232986439e-02
5.652770945833397453e-01 7.575653214366632193e-01 3.264300741547475071e-01 9.484944257955432723e-02 -8.185383618871722167e-01 5.641850833956686406e-01 1.081209644655657526e-01 6.825674045051204411e-03 -1.022582860011056194e-01 -3.283138425144553341e-01 9.390171814290407815e-01 -9.136307591434716935e-02 0.000000000000000000e+00 0.000000000000000000e+00 0.000000000000000000e+00 1.000000000000000000e+00 2.095958986734630436e+00 -8.451600842248843115e-01 -1.669424544034839863e-01 4.110212156368101000e-01 1.046715861889704557e+00 -2.670983018631051947e-02
5.659577343868982258e-01 7.614130841771713509e-01 3.161359855420570741e-01 9.997591890755269661e-02 -8.185939320286220733e-01 5.645541695452471753e-01 1.057476489866389646e-01 8.096673712476035178e-03 -9.795824581763495909e-02 -3.186356989926821814e-01 9.428019286557628442e-01 -9.339569880453162110e-02 0.000000000000000000e+00 0.000000000000000000e+00 0.000000000000000000e+00 1.000000000000000000e+00 2.056937838591976764e+00 -8.584138212681264868e-01 -1.951561947658115304e-01 4.140423789863800774e-01 1.060578496684131178e+00 -2.519744312933826919e-02
5.665043496848554128e-01 7.651739737615506076e-01 3.059111225432662451e-01 1.051875394678772058e-01 -8.187318384216473177e-01 5.647645811437186358e-01 1.035333077723197409e-01 9.397044556647545996e-03 -9.354677506686782940e-02 -3.091112446449724716e-01 9.464138854608850071e-01 -9.538479838036971470e-02 0.000000000000000000e+00 0.000000000000000000e+00 0.000000000000000000e+00 1.000000000000000000e+00 2.018622584394233588e+00 -8.707605977965561239e-01 -2.229086914199159275e-01 4.166874518563771224e-01 1.074024158041465560e+00 -2.364967965440816638e-02
5.669153836880274078e-01 7.688524451771316937e-01 2.957581250259675998e-01 1.104813319425274332e-01 -8.189507342466479933e-01 5.648209308688871833e-01 1.014741943242403882e-01 1.072615542349500406e-02 -8.903169766738344704e-02 -2.997386151667582044e-01 9.498579486868978794e-01 -9.732849713774184564e-02 0.000000000000000000e+00 0.000000000000000000e+00 0.000000000000000000e+00 1.000000000000000000e+00 1.981051803142239276e+00 -8.821854333790256630e-01 -2.501906852123999547e-01 4.189515574722712521e-01 1.087060214427620242e+00 -2.206727669561540234e-02
5.671895146210991223e-01 7.724527909450163987e-01 2.856794418700775440e-01 1.158543067404083360e-01 -8.192491536483104131e-01 5.647277056857169519e-01 9.956627876981251346e-02 1.208341047382964668e-02 -8.442084646132083647e-02 -2.905155900087668108e-01 9.531389279376523138e-01 -9.922504950825487835e-02 0.000000000000000000e+00 0.000000000000000000e+00 0.000000000000000000e+00 1.000000000000000000e+00 1.944256878865672222e+00 -8.926762537702067624e-01 -2.769928027682861393e-01 4.208304982404776906e-01 1.099693703483901164e+00 -2.045161854114369362e-02
5.673256577888539098e-01 7.759791235711992474e-01 2.756773495307029975e-01 1.213034608047161983e-01 -8.196255203703575187e-01 5.644892683793839572e-01 9.780528328518642289e-02 1.346824887750019788e-02 -7.972204795878402861e-02 -2.814396374586285998e-01 9.562615378920272802e-01 -1.010728409406700667e-01 0.000000000000000000e+00 0.000000000000000000e+00 0.000000000000000000e+00 1.000000000000000000e+00 1.908262688720483213e+00 -9.022235323832410447e-01 -3.033056004405746409e-01 4.223207435959328016e-01 1.111931317269353015e+00 -1.880464160081967567e-02
5.673229664416619134e-01 7.794353615164036908e-01 2.657539693396618330e-01 1.268257813809911816e-01 -8.200781564896598708e-01 5.641098602674633478e-01 9.618671425584102153e-02 1.488014436219534282e-02 -7.494310873387388661e-02 -2.725079570462612955e-01 9.592303931403297623e-01 -1.028703866464123345e-01 0.000000000000000000e+00 0.000000000000000000e+00 0.000000000000000000e+00 1.000000000000000000e+00 1.873088224290737180e+00 -9.108199806443170177e-01 -3.291195992674078030e-01 4.234194176339405868e-01 1.123779391501454450e+00 -1.712875354890194823e-02
5.671808316540531969e-01 7.828252183047367252e-01 2.559112835543587705e-01 1.324182497196874642e-01 -8.206052911473069589e-01 5.635936048836918122e-01 9.470589148578534289e-02 1.631860462270305623e-02 -7.009180328049534336e-02 -2.637175193771596482e-01 9.620500051553858567e-01 -1.046163300700438531e-01 0.000000000000000000e+00 0.000000000000000000e+00 0.000000000000000000e+00 1.000000000000000000e+00 1.838747153967950965e+00 -9.184602815593410075e-01 -3.544253132715423638e-01 4.241242866187625582e-01 1.135243898382423566e+00 -1.542676451408005883e-02
5.668988813936183258e-01 7.861521944319019850e-01 2.461511501709814920e-01 1.380778446938898396e-01 -8.212050691944666747e-01 5.629445124468588357e-01 9.335797473641888056e-02 1.778317059807557957e-02 -6.517586314884693532e-02 -2.550651034945913276e-01 9.647247810558706727e-01 -1.063094411351728913e-01 0.000000000000000000e+00 0.000000000000000000e+00 0.000000000000000000e+00 1.000000000000000000e+00 1.805248333193345101e+00 -9.251408613378024892e-01 -3.792132729657431423e-01 4.244337464409475569e-01 1.146330442647349734e+00 -1.370182833524348325e-02
5.664769789257959598e-01 7.894195717693276437e-01 2.364753165265683077e-01 1.438015463182223397e-01 -8.218755596878543068e-01 5.621664849481217141e-01 9.213798784898923067e-02 1.927341562531051725e-02 -6.020296719725520829e-02 -2.465473318686353665e-01 9.672590238596955325e-01 -1.079486143072601739e-01 0.000000000000000000e+00 0.000000000000000000e+00 0.000000000000000000e+00 1.000000000000000000e+00 1.772596268424153187e+00 -9.308596944184932553e-01 -4.034740455426335526e-01 4.243468100774854812e-01 1.157044260512631428e+00 -1.195739220015621176e-02
5.659152206728121914e-01 7.926304101918517642e-01 2.268854317213040428e-01 1.495863391592728853e-01 -8.226147641838315039e-01 5.612633217083871084e-01 9.104084068010066810e-02 2.078894447894004058e-02 -5.518073280821789856e-02 -2.381607031069444547e-01 9.696569339609409921e-01 -1.095328665070287588e-01 0.000000000000000000e+00 0.000000000000000000e+00 0.000000000000000000e+00 1.000000000000000000e+00 1.740791539899391172e+00 -9.356161377170647553e-01 -4.271982529133563911e-01 4.238630950933174879e-01 1.167390221239551940e+00 -1.019715324083240483e-02
5.652139336216501775e-01 7.957875461841465992e-01 2.173830578983622641e-01 1.554292156311938289e-01 -8.234206247919325650e-01 5.602387252743609158e-01 9.006134905765632304e-02 2.232939230640147363e-02 -5.011670793175210248e-02 -2.299016224790511598e-01 9.719226115955050815e-01 -1.110613349015442258e-01 0.000000000000000000e+00 0.000000000000000000e+00 0.000000000000000000e+00 1.000000000000000000e+00 1.709831187611979608e+00 -9.394107903609536514e-01 -4.503765885034980432e-01 4.229828112093292902e-01 1.177372831059002811e+00 -8.425020879628595735e-03
5.643736723560127677e-01 7.988935932053471412e-01 2.079696804237147201e-01 1.613271791726936522e-01 -8.242910319583256484e-01 5.590963075374753011e-01 8.919425294475015475e-02 2.389442346930919017e-02 -4.501836383310106604e-02 -2.217664303429578432e-01 9.740600600888359439e-01 -1.125332745943834478e-01 0.000000000000000000e+00 0.000000000000000000e+00 0.000000000000000000e+00 1.000000000000000000e+00 1.679709064324682366e+00 -9.422453755898158034e-01 -4.729998335066530890e-01 4.217067479504802985e-01 1.186996239230025729e+00 -6.645083908727081844e-03
5.633952157703775443e-01 8.019509436127978397e-01 1.986467170125792991e-01 1.672772473035535890e-01 -8.252238319576620240e-01 5.578395959742045163e-01 8.843423298115869746e-02 2.548373030081304419e-02 -3.989308843531723381e-02 -2.137514285596563424e-01 9.760731897042764782e-01 -1.139480562315382667e-01 0.000000000000000000e+00 0.000000000000000000e+00 0.000000000000000000e+00 1.000000000000000000e+00 1.650416158981555359e+00 -9.441226418779968821e-01 -4.950588731270698095e-01 4.200362623779720916e-01 1.196264246027596068e+00 -4.861581447097875451e-03
5.622795635100777956e-01 8.049617719648085590e-01 1.894155258526089569e-01 1.732764545602007433e-01 -8.262168340782134468e-01 5.564720399193366918e-01 8.777592555602407864e-02 2.709703178915531807e-02 -3.474818016005905286e-02 -2.058529049781277487e-01 9.779658219330326085e-01 -1.153051635357025262e-01 0.000000000000000000e+00 0.000000000000000000e+00 0.000000000000000000e+00 1.000000000000000000e+00 1.621940893451409460e+00 -9.450462806796172677e-01 -5.165447132058516022e-01 4.179732669011523849e-01 1.205180312474432247e+00 -3.078877056986178626e-03
5.610279321695241794e-01 8.079280395391151837e-01 1.802774127765805479e-01 1.793218553108510416e-01 -8.272678174903899118e-01 5.549970167956512768e-01 8.721393655088773011e-02 2.873407219736087009e-02 -2.959084218201781663e-02 -1.980671560702910450e-01 9.797416940869021484e-01 -1.166041907782733728e-01 0.000000000000000000e+00 0.000000000000000000e+00 0.000000000000000000e+00 1.000000000000000000e+00 1.594269395184167104e+00 -9.450208585074708623e-01 -5.374484975142663767e-01 4.155202171580043569e-01 1.213747571648071677e+00 -1.301435419795129523e-03
5.596417512709301878e-01 8.108514999186476890e-01 1.712336375392793097e-01 1.854105264513825901e-01 -8.283745377928630749e-01 5.534178382342275215e-01 8.674285387926145008e-02 3.039461962874081408e-02 -2.442817702367164334e-02 -1.903905077923243316e-01 9.814044640729389091e-01 -1.178448401956776886e-01 0.000000000000000000e+00 0.000000000000000000e+00 0.000000000000000000e+00 1.000000000000000000e+00 1.567385748055618366e+00 -9.440517613355475790e-01 -5.577615259079732324e-01 4.126800999474404819e-01 1.221968841408398232e+00 4.661989281933569436e-04
5.581226590379381181e-01 8.137337055094430172e-01 1.622854192545541696e-01 1.915395699834874510e-01 -8.295347332337755786e-01 5.517377560293547090e-01 8.635725893725545999e-02 3.207846454757993376e-02 -1.926718142752139457e-02 -1.828193347457930384e-01 9.829577152454083144e-01 -1.190269193544369331e-01 0.000000000000000000e+00 0.000000000000000000e+00 0.000000000000000000e+00 1.000000000000000000e+00 1.541272223413135301e+00 -9.421451495634710627e-01 -5.774752734633994411e-01 4.094564211920634356e-01 1.229846638402610770e+00 2.219421213993068992e-03
5.564724979721406006e-01 8.165760148673043561e-01 1.534339410492029376e-01 1.977061154768352813e-01 -8.307461306070446083e-01 5.499599678808078096e-01 8.605173706928230526e-02 3.378541826402855358e-02 -1.411474145259541957e-02 -1.753500777091115126e-01 9.844049612449170539e-01 -1.201503384676422814e-01 0.000000000000000000e+00 0.000000000000000000e+00 0.000000000000000000e+00 1.000000000000000000e+00 1.515909493107810313e+00 -9.393079220015817521e-01 -5.965814106588348542e-01 4.058531939064551342e-01 1.237383193214590449e+00 3.953584740482887251e-03
5.546933102354403289e-01 8.193796007202777121e-01 1.446803539905008040e-01 2.039073224170169507e-01 -8.320064508256989066e-01 5.480876228841601305e-01 8.582088714339411450e-02 3.551531139184330166e-02 -8.977627750830649567e-03 -1.679792596070556754e-01 9.857496507476459779e-01 -1.212151076641667657e-01 0.000000000000000000e+00 0.000000000000000000e+00 0.000000000000000000e+00 1.000000000000000000e+00 1.491276826101722852e+00 -9.355476875299878481e-01 -6.150718246153621394e-01 4.018749261433079978e-01 1.244580466534036978e+00 5.664018171368975264e-03
5.527873328373065220e-01 8.221454585833496420e-01 1.360257803438718605e-01 2.101403824409609211e-01 -8.333134141756340929e-01 5.461238267369057375e-01 8.565933032227439348e-02 3.726799228722726953e-02 -3.862490986972911058e-03 -1.607034999833565625e-01 9.869951720593365119e-01 -1.222213342109401690e-01 0.000000000000000000e+00 0.000000000000000000e+00 0.000000000000000000e+00 1.000000000000000000e+00 1.467352270067987519e+00 -9.308727432559198434e-01 -6.329386413743662843e-01 3.975266088877242865e-01 1.251440166227824058e+00 7.346042013175422235e-03
5.507569926231193902e-01 8.248744158700961338e-01 1.274713162164823332e-01 2.164025214613646830e-01 -8.346647452542222956e-01 5.440716466345211222e-01 8.556171810819210299e-02 3.904332547661553549e-02 1.224142627076974660e-03 -1.535195280388539085e-01 9.881448574992088840e-01 -1.231692196879081852e-01 0.000000000000000000e+00 0.000000000000000000e+00 0.000000000000000000e+00 1.000000000000000000e+00 1.444112819252007407e+00 -9.252920581433193847e-01 -6.501742491572788385e-01 3.928137038687077309e-01 1.257963765201993489e+00 8.994984473318631824e-03
