5.992406894005218865e-01 7.946866862929266029e-01 -9.686932845619819488e-02 0.000000000000000000e+00 -6.285289192068772568e-01 3.920651819203279098e-01 -6.717412380123874982e-01 0.000000000000000000e+00 -4.958447275986930247e-01 4.634198568841733645e-01 7.344249739476661487e-01 0.000000000000000000e+00 0.000000000000000000e+00 0.000000000000000000e+00 0.000000000000000000e+00 1.000000000000000000e+00 -1.264527552678603728e-01 -1.478492297113867537e-01 -2.612975145092826246e-01 1.010311939352356303e-01 5.546501725722440268e-01 -2.021999492054828429e-01
5.982718340735034834e-01 7.954784148594475912e-01 -9.635820875263532981e-02 2.594681303658067165e-03 -6.293669775310392067e-01 3.920665587623186621e-01 -6.709553050366737770e-01 1.397330014298834265e-03 -4.959516308990128963e-01 4.620583354411327837e-01 7.352102247881633357e-01 2.242215301393451902e-04 0.000000000000000000e+00 0.000000000000000000e+00 0.000000000000000000e+00 1.000000000000000000e+00 -3.043977468797168795e-01 -8.335886803794852196e-02 -1.980398269249311616e-01 1.243870012667918495e-01 5.312149493822958535e-01 -2.074169814873345619e-01
5.975744441549323271e-01 7.961700327837651914e-01 -9.496348381980869446e-02 5.170232263825782701e-03 -6.298854876452115725e-01 3.928521699623644947e-01 -6.700085413791433409e-01 2.694695394645009803e-03 -4.961341111297303264e-01 4.601961018451578567e-01 7.362543663483298584e-01 3.094713093545373942e-04 0.000000000000000000e+00 0.000000000000000000e+00 0.000000000000000000e+00 1.000000000000000000e+00 -4.805081328127863705e-01 -2.881537127245036717e-02 -1.390106310029211312e-01 1.479480476283065449e-01 5.080836817707946595e-01 -2.140056412947902165e-01
5.971281427826992116e-01 7.967690590661734573e-01 -9.272027060713460000e-02 7.727689142010727222e-03 -6.301248602790243680e-01 3.944019818007853950e-01 -6.688719892150610802e-01 3.898063260563086087e-03 -4.963674462172044666e-01 4.578276360130110745e-01 7.375725147772046464e-01 2.499912734103606755e-04 0.000000000000000000e+00 0.000000000000000000e+00 0.000000000000000000e+00 1.000000000000000000e+00 -6.548332706899836486e-01 1.661809623056112462e-02 -8.370354653498701669e-02 1.716858975074260218e-01 4.852814617311899115e-01 -2.217790856662711640e-01
5.969142969946297228e-01 7.972792476647632132e-01 -8.966116516013118709e-02 1.026806923856372032e-02 -6.301213584988893945e-01 3.966967794462242236e-01 -6.675168460134532911e-01 5.012657479792471601e-03 -4.966290323163550791e-01 4.549477637823197140e-01 7.391766616807118329e-01 4.086809634608034041e-05 0.000000000000000000e+00 0.000000000000000000e+00 0.000000000000000000e+00 1.000000000000000000e+00 -8.274135907733373152e-01 5.365747990290134495e-02 -3.167321414685227848e-02 1.955745564414227422e-01 4.628369728460113297e-01 -2.305811422721993076e-01
5.968963634545382257e-01 7.977127932390007947e-01 -8.584306772284645837e-02 1.279139091090262907e-02 -6.299174410060157658e-01 3.996803893286388076e-01 -6.659276274874782464e-01 6.035688557884591812e-03 -4.969091958894110150e-01 4.515638243956210940e-01 7.410609720981399251e-01 -3.139003128562745104e-04 0.000000000000000000e+00 0.000000000000000000e+00 0.000000000000000000e+00 1.000000000000000000e+00 -9.850542244342928022e-01 8.293709434982689255e-02 7.635976151925766287e-03 2.195781287502750478e-01 4.407687081442115962e-01 -2.358876843435394610e-01
5.970221728076140488e-01 7.980899513692694125e-01 -8.134467628281577545e-02 1.529686730216774093e-02 -6.295615635157827406e-01 4.032642282184106253e-01 -6.641010474862900637e-01 6.957211675162089035e-03 -4.972089732468372159e-01 4.476945315675068815e-01 7.432044431281968899e-01 -8.022625170341922450e-04 0.000000000000000000e+00 0.000000000000000000e+00 0.000000000000000000e+00 1.000000000000000000e+00 -1.129263548954862584e+00 1.048470780266545777e-01 3.574963963386162957e-02 2.436532640398245686e-01 4.190801378785881104e-01 -2.380421132791503969e-01
5.972457604326798508e-01 7.984267782036768013e-01 -7.623767635945531695e-02 1.778405248814627498e-02 -6.290980618937748181e-01 4.073690867483479305e-01 -6.620317644087709841e-01 7.768282956767218021e-03 -4.975270146722693410e-01 4.433566386388295699e-01 7.455881984845809107e-01 -1.413089182586634148e-03 0.000000000000000000e+00 0.000000000000000000e+00 0.000000000000000000e+00 1.000000000000000000e+00 -1.261511007772991855e+00 1.197781933688690792e-01 5.410627392209547970e-02 2.677627870334808313e-01 3.977717782121346080e-01 -2.374029163888912997e-01
5.975269997810059852e-01 7.987358391240880762e-01 -7.058715002845486475e-02 2.025283846593178838e-02 -6.285675053726192951e-01 4.119244234116225534e-01 -6.597129391506725282e-01 8.460954354110769918e-03 -4.978597954101095513e-01 4.385650816774822047e-01 7.481953584625214981e-01 -2.136164323239794164e-03 0.000000000000000000e+00 0.000000000000000000e+00 0.000000000000000000e+00 1.000000000000000000e+00 -1.383091294126168602e+00 1.281236081761627510e-01 6.396312376770063590e-02 2.918753602512347278e-01 3.768428299881372290e-01 -2.342943285876820103e-01
5.978310401745366987e-01 7.990268839619867336e-01 -6.445221575805989978e-02 2.270343612902936403e-02 -6.280070624292299897e-01 4.168673169530099920e-01 -6.571367979123162728e-01 9.028187388633415397e-03 -4.982019441012781602e-01 4.333332217423280786e-01 7.510107476598509857e-01 -2.962088630124452924e-03 0.000000000000000000e+00 0.000000000000000000e+00 0.000000000000000000e+00 1.000000000000000000e+00 -1.495144855072241707e+00 1.302771684826428411e-01 6.641837395887766060e-02 3.159649992671337282e-01 3.562922508446905723e-01 -2.290091204119314994e-01
5.981277853985305093e-01 7.993073853775337634e-01 -5.788659680768764443e-02 2.513635370445603534e-02 -6.274507921151000200e-01 4.221415248585032587e-01 -6.542950696041411884e-01 9.463772714239515257e-03 -4.985465434358853920e-01 4.276730516268086868e-01 7.540206272379916808e-01 -3.882190396357338216e-03 0.000000000000000000e+00 0.000000000000000000e+00 0.000000000000000000e+00 1.000000000000000000e+00 -1.598675833655468725e+00 1.266312612130733317e-01 6.243054967486508927e-02 3.400105922357370414e-01 3.361194956885124041e-01 -2.218111550001574950e-01
5.984016704798170716e-01 7.995744100970030299e-01 -5.095297444757628663e-02 2.755269390325213938e-02 -6.269244315913913290e-01 4.276934400317949359e-01 -6.511866707225298923e-01 9.766017264916668564e-03 -4.988799434785194942e-01 4.216148557308854183e-01 7.572052012828404122e-01 -4.892791717895688709e-03 0.000000000000000000e+00 0.000000000000000000e+00 0.000000000000000000e+00 1.000000000000000000e+00 -1.687670152370482457e+00 1.175596786950893202e-01 5.796631657594228382e-02 3.640001681001542866e-01 3.163259563079771075e-01 -2.152428097767124238e-01
5.986509479689816615e-01 7.998158422976173743e-01 -4.372256915921358955e-02 2.995402848909550428e-02 -6.264451826512911214e-01 4.334719389556996871e-01 -6.478182715966371852e-01 9.937566945121321590e-03 -4.991828079925921258e-01 4.152068148650345236e-01 7.605391683365780864e-01 -5.995103695822217443e-03 0.000000000000000000e+00 0.000000000000000000e+00 0.000000000000000000e+00 1.000000000000000000e+00 -1.763231259835956743e+00 1.036417160750693345e-01 5.360223689044369549e-02 3.879288764914896048e-01 2.969154116649451725e-01 -2.094942949446171043e-01
5.988757469165383318e-01 8.000206789474322289e-01 -3.625955289991061870e-02 3.234195157102581070e-02 -6.260275462318694029e-01 4.394316824660423615e-01 -6.441966389108796376e-01 9.981137001856540264e-03 -4.994370343540907586e-01 4.084932218636837531e-01 7.639999593763052710e-01 -7.190368267274591281e-03 0.000000000000000000e+00 0.000000000000000000e+00 0.000000000000000000e+00 1.000000000000000000e+00 -1.827029582483667092e+00 8.543307595637167351e-02 4.932746448593223337e-02 4.117923631649079708e-01 2.778930391197569350e-01 -2.045031202685144156e-01
5.990768303864513200e-01 8.001798704272580220e-01 -2.862041982318834152e-02 3.471804071019668481e-02 -6.256840463845225742e-01 4.455327750549838983e-01 -6.403280583130006587e-01 9.899131284043016787e-03 -4.996262859077338359e-01 4.015130433169766255e-01 7.675681416186111994e-01 -8.479419219886456457e-03 0.000000000000000000e+00 0.000000000000000000e+00 0.000000000000000000e+00 1.000000000000000000e+00 -1.880524470869451514e+00 6.344389879682871269e-02 4.513195830931916036e-02 4.355860694569320679e-01 2.592648196596448185e-01 -2.002116071914162576e-01
5.992555153282848046e-01 8.002861384751221996e-01 -2.085488170625538623e-02 3.708385766743785977e-02 -6.254253758507312133e-01 4.517401061284735952e-01 -6.362184983127865401e-01 9.693679507983709101e-03 -4.997358570024662550e-01 3.943006159532029820e-01 7.712270087734121038e-01 -9.862722806595319164e-03 0.000000000000000000e+00 0.000000000000000000e+00 0.000000000000000000e+00 1.000000000000000000e+00 -1.924989412639073638e+00 3.814215868089612660e-02 4.100594720751740696e-02 4.593051586031708378e-01 2.410371530336681278e-01 -1.965661765353752533e-01
5.994135882776178148e-01 8.003337923705143853e-01 -1.300665818318074395e-02 3.944094965906817102e-02 -6.252605360930183487e-01 4.580227652175405395e-01 -6.318737297988534785e-01 9.366669781842381845e-03 -4.997525511545430343e-01 3.868862494451504874e-01 7.749622050152453756e-01 -1.134041236055621793e-02 0.000000000000000000e+00 0.000000000000000000e+00 0.000000000000000000e+00 1.000000000000000000e+00 -1.961534606540083159e+00 9.956690247588318582e-03 3.693963639774180269e-02 4.829444686014176535e-01 2.232165665391136200e-01 -1.935168297627285483e-01
5.995532209764594667e-01 8.003185507124739306e-01 -5.114174563087076075e-03 4.179085091355294601e-02 -6.251969716056003934e-01 4.643535249728867886e-01 -6.272994121036982174e-01 8.919777313656652995e-03 -4.996645696020486915e-01 3.792967491547648007e-01 7.787613855217582204e-01 -1.291231815721441238e-02 0.000000000000000000e+00 0.000000000000000000e+00 0.000000000000000000e+00 1.000000000000000000e+00 -1.991127086967336979e+00 -2.072005297574198643e-02 3.292307892768781691e-02 5.064984866974440170e-01 2.058094977866423703e-01 -1.910167680614005270e-01
5.996768888025734157e-01 8.002373733391537902e-01 2.788821696698856947e-03 4.413508436765790216e-02 -6.252406982985904138e-01 4.707083857013221739e-01 -6.225011539971635477e-01 8.354490014446117052e-03 -4.994614083624989709e-01 3.715558701436494360e-01 7.826139141034350599e-01 -1.457799349111661875e-02 0.000000000000000000e+00 0.000000000000000000e+00 0.000000000000000000e+00 1.000000000000000000e+00 -2.014608598225806624e+00 -5.352944230399511727e-02 2.894615576933952383e-02 5.299613412462468309e-01 1.888221357172605308e-01 -1.890221081834126404e-01
5.997872939638748679e-01 8.000883059431426192e-01 1.067271624664629763e-02 4.647516337671234871e-02 -6.253964257600775900e-01 4.770661753525309301e-01 -6.174845560071308137e-01 7.672131542918915990e-03 -4.991337625090255248e-01 3.636847119822568253e-01 7.865105969010386389e-01 -1.633673771840579367e-02 0.000000000000000000e+00 0.000000000000000000e+00 0.000000000000000000e+00 1.000000000000000000e+00 -2.032711418727820796e+00 -8.814427696965682069e-02 2.499862365117385549e-02 5.533268072853423369e-01 1.722603072656863354e-01 -1.874916650710761468e-01
5.998872946975414289e-01 7.998703385483572070e-01 1.851154644905121660e-02 4.881259334246568909e-02 -6.256676732387628226e-01 4.834081991543636159e-01 -6.122552389321839206e-01 6.873882210942835677e-03 -4.986734368003684637e-01 3.557020624160402433e-01 7.904434501462291873e-01 -1.818761684807215784e-02 0.000000000000000000e+00 0.000000000000000000e+00 0.000000000000000000e+00 1.000000000000000000e+00 -2.046072330427372687e+00 -1.242665202704375804e-01 2.107020143890474609e-02 5.765883226757516633e-01 1.561293995599395412e-01 -1.863867796764801243e-01
5.999798411700806300e-01 7.995832780717290200e-01 2.628257599888190327e-02 5.114887318566547353e-02 -6.260568792450070807e-01 4.897179334674262585e-01 -6.068188622271470933e-01 5.960798071207677566e-03 -4.980732620829421142e-01 3.476246967316409808e-01 7.944054994074559728e-01 -2.012948213505395129e-02 0.000000000000000000e+00 0.000000000000000000e+00 0.000000000000000000e+00 1.000000000000000000e+00 -2.055244919938506776e+00 -1.616251535519072358e-01 1.715067467222324699e-02 5.997390121340532287e-01 1.404343095565456778e-01 -1.856711766513167716e-01
6.000679183694286323e-01 7.992276345755590095e-01 3.396591912595803286e-02 5.348549661007390849e-02 -6.265655047313618553e-01 4.959807588455556471e-01 -6.011811350318035929e-01 4.933828433894177010e-03 -4.973270170667394852e-01 3.394676386604413842e-01 7.983906074586016866e-01 -2.216098702776197332e-02 0.000000000000000000e+00 0.000000000000000000e+00 0.000000000000000000e+00 1.000000000000000000e+00 -2.060710386466522603e+00 -1.999741398988388319e-01 1.323000441710295641e-02 6.227717169014618248e-01 1.251794146368872818e-01 -1.853108412455355403e-01
6.001544959847823213e-01 7.988045204333777960e-01 4.154420871084739397e-02 5.582395312093418882e-02 -6.271941298783137997e-01 5.021837277205275507e-01 -5.953478219150371009e-01 3.793832002538338917e-03 -4.964293551894589651e-01 3.312443878201172254e-01 8.023933278235857447e-01 -2.428060274497530896e-02 0.000000000000000000e+00 0.000000000000000000e+00 0.000000000000000000e+00 1.000000000000000000e+00 -2.062887018981129916e+00 -2.390904937238444439e-01 9.298431419200326592e-03 6.456790281759916539e-01 1.103685590093449603e-01 -1.852739081839865909e-01
6.002424850610442730e-01 7.983155614153968349e-01 4.900230330880388230e-02 5.816572877442213740e-02 -6.279425445724281518e-01 5.083153625585565827e-01 -5.893247448734393323e-01 2.541591776563909694e-03 -4.953757363467715114e-01 3.229671179948132576e-01 8.064087811008662232e-01 -2.648663269719626553e-02 0.000000000000000000e+00 0.000000000000000000e+00 0.000000000000000000e+00 1.000000000000000000e+00 -2.062138491761630554e+00 -2.787724548085388498e-01 5.346570049918454928e-03 6.684533227726485727e-01 9.600505183251459296e-02 -1.855305577841468989e-01
6.003347010734801925e-01 7.977628185986723741e-01 5.632702865007225418e-02 6.051230664576187634e-02 -6.288098327192570558e-01 5.143654807506541360e-01 -5.831177827177974615e-01 1.177828835933685675e-03 -4.941623632973920488e-01 3.146468499655073470e-01 8.104325513096953815e-01 -2.877722592145603303e-02 0.000000000000000000e+00 0.000000000000000000e+00 0.000000000000000000e+00 1.000000000000000000e+00 -2.058781114101472909e+00 -3.188377664017154056e-01 1.365489040160633612e-03 6.910867997753631364e-01 8.209167384290783076e-02 -1.860529163631866878e-01
6.004338329789752349e-01 7.971487199847728800e-01 6.350694968553179109e-02 6.286516701275983443e-02 -6.297944505805190829e-01 5.203250428910549674e-01 -5.767328686737103194e-01 -2.967849004839545699e-04 -4.927861225615416951e-01 3.062936021036031797e-01 8.144605996904479284e-01 -3.115038966310058541e-02 0.000000000000000000e+00 0.000000000000000000e+00 0.000000000000000000e+00 1.000000000000000000e+00 -2.053090156958347290e+00 -3.591220571739930367e-01 -2.653222255184625386e-03 7.135715172044702070e-01 6.863068997288013229e-02 -1.868149592354824140e-01
6.005424177505745975e-01 7.964760007369874328e-01 7.053216968569085699e-02 6.522578725878755423e-02 -6.308942993633529506e-01 5.261860214632727573e-01 -5.701759867912377100e-01 -1.881614868897681873e-03 -4.912445296290804397e-01 2.979165215166134639e-01 8.184891936096356790e-01 -3.360400121081706659e-02 0.000000000000000000e+00 0.000000000000000000e+00 0.000000000000000000e+00 1.000000000000000000e+00 -2.045305366933350300e+00 -3.994773265036504206e-01 -6.717402134763309808e-03 7.358994279469524002e-01 5.562386601089971960e-02 -1.877924154583743843e-01
6.006628198817089981e-01 7.957476510104637413e-01 7.739415328792323412e-02 6.759564150496111257e-02 -6.321067923188246063e-01 5.319412872897198996e-01 -5.634531675853587940e-01 -3.576052945989984400e-03 -4.895356782850618926e-01 2.895239981720985623e-01 8.225148484490606426e-01 -3.613581907018272033e-02 0.000000000000000000e+00 0.000000000000000000e+00 0.000000000000000000e+00 1.000000000000000000e+00 -2.035635766319980444e+00 -4.397705319606270424e-01 -1.083427867474302288e-02 7.580624143859078234e-01 4.307248781111748526e-02 -1.889626740491191781e-01
6.007972153475834576e-01 7.949668704283257004e-01 8.408557072916403308e-02 6.997619998564177934e-02 -6.334289166277323746e-01 5.375845114076314157e-01 -5.565704832004618741e-01 -5.379507374316644039e-03 -4.876581938497769886e-01 2.811237641145366006e-01 8.265342805861364273e-01 -3.874349354485387420e-02 0.000000000000000000e+00 0.000000000000000000e+00 0.000000000000000000e+00 1.000000000000000000e+00 -2.024263827171378427e+00 -4.798822771280075172e-01 -1.501044453805997630e-02 7.800523213237001707e-01 3.097738192269242768e-02 -1.903046917495335166e-01
6.009475795272901655e-01 7.941370283451705259e-01 9.060016080521550441e-02 7.236892818461933274e-02 -6.348572903648492805e-01 5.431100803117455689e-01 -5.495340422975441008e-01 -7.291393483250401680e-03 -4.856111901201236591e-01 2.727229796212739532e-01 8.305443697909952183e-01 -4.142457678201792032e-02 0.000000000000000000e+00 0.000000000000000000e+00 0.000000000000000000e+00 1.000000000000000000e+00 -2.011349097431297750e+00 -5.197055971610361480e-01 -1.925184305838920779e-02 8.018609869231649867e-01 1.933893679817159927e-02 -1.917989026174233835e-01
6.011156786163334154e-01 7.932616291298719702e-01 9.693261036837715061e-02 7.477528575161772328e-02 -6.363882148389835569e-01 5.485130227539981584e-01 -5.423499847941042340e-01 -9.311125166081176546e-03 -4.833942297909372132e-01 2.643283079114627232e-01 8.345421295708018716e-01 -4.417653232902482574e-02 0.000000000000000000e+00 0.000000000000000000e+00 0.000000000000000000e+00 1.000000000000000000e+00 -1.997031348162937370e+00 -5.591448388009758741e-01 -2.356376409020897317e-02 8.234802714963569414e-01 8.157123968255982835e-03 -1.934271298211930612e-01
6.013030640916259273e-01 7.923442817880210765e-01 1.030784484164504744e-01 7.719672522024602357e-02 -6.380177226066303664e-01 5.537889465140103384e-01 -5.350244765375702372e-01 -1.143810707759291938e-02 -4.810072881295581193e-01 2.559459798204887226e-01 8.385246841800526596e-01 -4.699674424051941690e-02 0.000000000000000000e+00 0.000000000000000000e+00 0.000000000000000000e+00 1.000000000000000000e+00 -1.981433302766518745e+00 -5.981146309742511047e-01 -2.795084812081857079e-02 8.449020840538556953e-01 -2.568481251035018356e-03 -1.951725000400497678e-01
6.015110698267441824e-01 7.913886733279456021e-01 1.090339530417310659e-01 7.963469054935144731e-02 -6.397416214525433187e-01 5.589339837532730781e-01 -5.275637039586729138e-01 -1.367172751916852919e-02 -4.784507196747127544e-01 2.475818496773480593e-01 8.424892511863736333e-01 -4.988252576939539162e-02 0.000000000000000000e+00 0.000000000000000000e+00 0.000000000000000000e+00 1.000000000000000000e+00 -1.964663001760772909e+00 -6.365389416352678076e-01 -3.241709721129839433e-02 8.661184065927070019e-01 -1.283867981398851416e-02 -1.970193608520163231e-01
6.017408114921954931e-01 7.903985453515277593e-01 1.147960697013060694e-01 8.209061551004168122e-02 -6.415555346222397981e-01 5.639447437426476917e-01 -5.199738687277349891e-01 -1.601135198051485686e-02 -4.757252277317057243e-01 2.392414434700185499e-01 8.464331286343125260e-01 -5.283112767009395805e-02 0.000000000000000000e+00 0.000000000000000000e+00 0.000000000000000000e+00 1.000000000000000000e+00 -1.946815850164042461e+00 -6.743502161592466182e-01 -3.696589144497494650e-02 8.871213161505431266e-01 -2.265462995207981334e-02 -1.989532014437188356e-01
6.019931879121156459e-01 7.893776734212374357e-01 1.203623394423191939e-01 8.456592194054067535e-02 -6.434549375801708049e-01 5.688182719091207096e-01 -5.122611824215466125e-01 -1.845631730865773465e-02 -4.728318364397282592e-01 2.309300002509776240e-01 8.503536859853895180e-01 -5.583974613887905669e-02 0.000000000000000000e+00 0.000000000000000000e+00 0.000000000000000000e+00 1.000000000000000000e+00 -1.927976388690227472e+00 -7.114885923553875280e-01 -4.160000969522262976e-02 9.079030046899345674e-01 -3.201782923952862375e-02 -2.009605769125908936e-01
6.022688840841202706e-01 7.883298488177088448e-01 1.257308358700084117e-01 8.706201789061836227e-02 -6.454351915538310003e-01 5.735520142856473935e-01 -5.044318611991691625e-01 -2.100592647608180361e-02 -4.697718651934101874e-01 2.226525076190083163e-01 8.542483581322138919e-01 -5.890553041251550548e-02 0.000000000000000000e+00 0.000000000000000000e+00 0.000000000000000000e+00 1.000000000000000000e+00 -1.908219824813561116e+00 -7.479011870412449747e-01 -4.632165366624168418e-02 9.284557969029180180e-01 -4.093009776432714186e-02 -2.030290363627570427e-01
6.025683756022771620e-01 7.872588623579592770e-01 1.309001097841544503e-01 8.958029567666785098e-02 -6.474915741091606947e-01 5.781437865692622413e-01 -4.964921204799931376e-01 -2.365944392088755940e-02 -4.665469052091659186e-01 2.144137320120719226e-01 8.581146418890255312e-01 -6.202559004409205490e-02 0.000000000000000000e+00 0.000000000000000000e+00 0.000000000000000000e+00 1.000000000000000000e+00 -1.887613355194358800e+00 -7.835414490837426804e-01 -5.113247430186001335e-02 9.487721660429809800e-01 -4.939356240707539619e-02 -2.051470549265158594e-01
6.028919342539262871e-01 7.861684899933474302e-01 1.358691405327719370e-01 9.212212986765778988e-02 -6.496193069868003711e-01 5.825917470991894831e-01 -4.884481696154228114e-01 -2.641609143268208379e-02 -4.631587980369735180e-01 2.062182444573946449e-01 8.619500944519381536e-01 -6.519700187244671652e-02 0.000000000000000000e+00 0.000000000000000000e+00 0.000000000000000000e+00 1.000000000000000000e+00 -1.866217306937297593e+00 -8.183685738569586032e-01 -5.603359979255830015e-02 9.688447479023364339e-01 -5.741064219819039943e-02 -2.073039697779640311e-01
6.032396345891379852e-01 7.850624799490878436e-01 1.406372932419164279e-01 9.468887522121485767e-02 -6.518135814125880501e-01 5.868943731600884117e-01 -4.803062065457263663e-01 -2.927504455866052069e-02 -4.596096158295644996e-01 1.980704423473682863e-01 8.657523334008330185e-01 -6.841681669967880630e-02 0.000000000000000000e+00 0.000000000000000000e+00 0.000000000000000000e+00 1.000000000000000000e+00 -1.844086121619086693e+00 -8.523469741776514841e-01 -6.102566453624325149e-02 9.886663530575980907e-01 -6.498403470218096223e-02 -2.094899201462410709e-01
6.036113612869047351e-01 7.839445412041408101e-01 1.452042811787009613e-01 9.728186458803372849e-02 -6.540695810795580378e-01 5.910504400973014549e-01 -4.720724124351636242e-01 -3.223542950500562360e-02 -4.559016431932063074e-01 1.899745677419788503e-01 8.695190378826439526e-01 -7.168206568950682978e-02 0.000000000000000000e+00 0.000000000000000000e+00 0.000000000000000000e+00 1.000000000000000000e+00 -1.821269202921741437e+00 -8.854458029431464539e-01 -6.610883852183163656e-02 1.008229977508233288e+00 -7.211670336344815080e-02 -2.116957912843634437e-01
6.040068171647577921e-01 7.828183331421533220e-01 1.495701325922136893e-01 9.990240680170145438e-02 -6.563825029829147839e-01 5.950590028024039801e-01 -4.637529462809630854e-01 -3.529632050935433557e-02 -4.520373604569903891e-01 1.819347226390164440e-01 8.732479506739786457e-01 -7.498976649770822123e-02 0.000000000000000000e+00 0.000000000000000000e+00 0.000000000000000000e+00 1.000000000000000000e+00 -1.797811645993088181e+00 -9.176385229003770627e-01 -7.128285670565139009e-02 1.027528811830465516e+00 -7.881186573968043674e-02 -2.139131623061092669e-01
6.044255316985081006e-01 7.816874562314127806e-01 1.537351614550815093e-01 1.025517845698863256e-01 -6.587475762742749374e-01 5.989193791896977315e-01 -4.553539394946733987e-01 -3.845673766066667887e-02 -4.480194282104987824e-01 1.739548816012123356e-01 8.769368808708345453e-01 -7.833692914452282385e-02 0.000000000000000000e+00 0.000000000000000000e+00 0.000000000000000000e+00 1.000000000000000000e+00 -1.773754864283687782e+00 -9.489025192087126026e-01 -7.654704803898383647e-02 1.046556248965472058e+00 -8.507298254492758061e-02 -2.161342577678308507e-01
6.048668699364043722e-01 7.805554436150190512e-01 1.576999415979108699e-01 1.052312523816966439e-01 -6.611600792870667709e-01 6.026311353386460956e-01 -4.468814904575783009e-01 -4.171564514339141938e-02 -4.438506729726639510e-01 1.660389020837571838e-01 8.805837069956986563e-01 -8.172056163769553239e-02 0.000000000000000000e+00 0.000000000000000000e+00 0.000000000000000000e+00 1.000000000000000000e+00 -1.749137127539161174e+00 -9.792187507131956403e-01 -8.190036388125440658e-02 1.065305890755459117e+00 -9.090374742372041295e-02 -2.183519028439996901e-01
6.053300417073780304e-01 7.794257535121900116e-01 1.614652837906362381e-01 1.079420344448768915e-01 -6.636153548714794903e-01 6.061940720245945213e-01 -4.383416590550356928e-01 -4.507194988336014202e-02 -4.395340738673581549e-01 1.581905327655640237e-01 8.841863803485453532e-01 -8.513767535375681150e-02 0.000000000000000000e+00 0.000000000000000000e+00 0.000000000000000000e+00 1.000000000000000000e+00 -1.723994022822936234e+00 -1.008571436110949238e+00 -8.734140559822999028e-02 1.083771553335018512e+00 -9.630807737925929646e-02 -2.205594819240984661e-01
6.058141110364153592e-01 7.783017623482434422e-01 1.650322153797171842e-01 1.106853226653880390e-01 -6.661088241648439601e-01 6.096082124013166847e-01 -4.297404611976357591e-01 -4.852450057335904593e-02 -4.350727501935825470e-01 1.504134201524348624e-01 8.877429284590550029e-01 -8.858529018418336010e-02 0.000000000000000000e+00 0.000000000000000000e+00 0.000000000000000000e+00 1.000000000000000000e+00 -1.698358848874417459e+00 -1.036947771465092982e+00 -9.286845119909084567e-02 1.101947271478512125e+00 -1.012901037820206351e-01 -2.227509004434408413e-01
6.063180056916833705e-01 7.771867585447544968e-01 1.684019621388654631e-01 1.134622746808225113e-01 -6.686359989118411118e-01 6.128737906347500042e-01 -4.210838633398702457e-01 -5.207208705682837141e-02 -4.304699497899477367e-01 1.427111136893483567e-01 8.912514585235428166e-01 -9.206043945223546521e-02 0.000000000000000000e+00 0.000000000000000000e+00 0.000000000000000000e+00 1.000000000000000000e+00 -1.672262952742689546e+00 -1.064337675792095705e+00 -9.847948091147853966e-02 1.119827301997385005e+00 -1.058541638895826864e-01 -2.249205497508496854e-01
6.068405267980364615e-01 7.760839369130391185e-01 1.715759320342062910e-01 1.162740119580374376e-01 -6.711924924384832236e-01 6.159912413183991076e-01 -4.123777770095003459e-01 -5.571344004862428811e-02 -4.257290381043525307e-01 1.350870695918627018e-01 8.947101607322854866e-01 -9.556017460552702902e-02 0.000000000000000000e+00 0.000000000000000000e+00 0.000000000000000000e+00 1.000000000000000000e+00 -1.645736016450452865e+00 -1.090733561715751643e+00 -1.041722016306589615e-01 1.137406126274522977e+00 -1.100047928136291542e-01 -2.270632748110907873e-01
6.073803584601548122e-01 7.749963936037836953e-01 1.745557006430650537e-01 1.191216179643553308e-01 -6.737740293743830211e-01 6.189611895278956943e-01 -4.036280533629642009e-01 -5.944723117224888498e-02 -4.208534878903041898e-01 1.275446535826461336e-01 8.981173114117664280e-01 -9.908156968874379245e-02 0.000000000000000000e+00 0.000000000000000000e+00 0.000000000000000000e+00 1.000000000000000000e+00 -1.618806300414275867e+00 -1.116130128440535829e+00 -1.099440702088296112e-01 1.154678452016195900e+00 -1.137467158756309826e-01 -2.291743445388150502e-01
6.079360773459898670e-01 7.739271215736135412e-01 1.773429979994540773e-01 1.220061364206820598e-01 -6.763764542093834153e-01 6.217844413956196137e-01 -3.948404777839547020e-01 -6.327207329341275055e-02 -4.158468694611422434e-01 1.200871426979903400e-01 9.014712759223207916e-01 -1.026217256003801870e-01 0.000000000000000000e+00 0.000000000000000000e+00 0.000000000000000000e+00 1.000000000000000000e+00 -1.591500849455356636e+00 -1.140524174546441616e+00 -1.157923155743251498e-01 1.171639214295886910e+00 -1.170848412983911402e-01 -2.312494245628287370e-01
6.085061621875909044e-01 7.728790065359153472e-01 1.799396966692834166e-01 1.249285696439273452e-01 -6.789957387631108121e-01 6.244619751065684232e-01 -3.860207645437160329e-01 -6.718652113024337069e-02 -4.107128414424993101e-01 1.127177263104681970e-01 9.047705112652013604e-01 -1.061777741369114292e-01 0.000000000000000000e+00 0.000000000000000000e+00 0.000000000000000000e+00 1.000000000000000000e+00 -1.563845666462160944e+00 -1.163914428344712038e+00 -1.217139596889469377e-01 1.188283575958453575e+00 -1.200242531862853179e-01 -2.332845522241761560e-01
6.090890031619061729e-01 7.718548233685212923e-01 1.823478008847636278e-01 1.278898769851853634e-01 -6.816279886393877829e-01 6.269949322342077691e-01 -3.771745515426563333e-01 -7.118907212089373160e-02 -4.054551419716495575e-01 1.054395064973469298e-01 9.080135683645664813e-01 -1.097468818274505153e-01 0.000000000000000000e+00 0.000000000000000000e+00 0.000000000000000000e+00 1.000000000000000000e+00 -1.535865858097017478e+00 -1.186301393757899669e+00 -1.277058373656759227e-01 1.204606927447646747e+00 -1.225702047525132898e-01 -2.352761136182361656e-01
6.096829111189326911e-01 7.708572329551044433e-01 1.845694365907863399e-01 1.308909733692410204e-01 -6.842694487316225427e-01 6.293846093501859196e-01 -3.683073951535648094e-01 -7.527816752974215986e-02 -4.000775802999614883e-01 9.825549786968847121e-02 9.111990939996330585e-01 -1.133262535616553351e-01 0.000000000000000000e+00 0.000000000000000000e+00 0.000000000000000000e+00 1.000000000000000000e+00 -1.507585756359383522e+00 -1.207687209897672309e+00 -1.337646149793627615e-01 1.220604886115033150e+00 -1.247281117568985742e-01 -2.372208224993235248e-01
6.102861266287445963e-01 7.698887794405024909e-01 1.866068422766023194e-01 1.339327279401118787e-01 -6.869165078402188485e-01 6.316324498548570032e-01 -3.594247651870668414e-01 -7.945219377380871584e-02 -3.945840287615000053e-01 9.116862696401731303e-02 9.143258323705084623e-01 -1.169131360134435665e-01 0.000000000000000000e+00 0.000000000000000000e+00 0.000000000000000000e+00 1.000000000000000000e+00 -1.479029019317137150e+00 -1.228075522709367595e+00 -1.398868081102647987e-01 1.236273295063816002e+00 -1.265035461226776403e-01 -2.391157008757328339e-01
6.108968288225661292e-01 7.689518878828049964e-01 1.884623604841715039e-01 1.370159628165160681e-01 -6.895657024586439032e-01 6.337400359867899624e-01 -3.505320399999733993e-01 -8.370948395144901799e-02 -3.889784150769374782e-01 8.418173128680637995e-02 9.173926262882323712e-01 -1.205048208629383444e-01 0.000000000000000000e+00 0.000000000000000000e+00 0.000000000000000000e+00 1.000000000000000000e+00 -1.450218713883470567e+00 -1.247471367233405681e+00 -1.460687981650873601e-01 1.251608221576917312e+00 -1.279022297052640478e-01 -2.409580611334137257e-01
6.115131440062590018e-01 7.680488622870427218e-01 1.901384299004073852e-01 1.401414519603733366e-01 -6.922137197809861142e-01 6.357090809790690855e-01 -3.416345017669016881e-01 -8.804831955582555214e-02 -3.832647149673598097e-01 7.729755809164187697e-02 9.203984179855210224e-01 -1.240986478189987502e-01 0.000000000000000000e+00 0.000000000000000000e+00 0.000000000000000000e+00 1.000000000000000000e+00 -1.421177383141682959e+00 -1.265881059200497871e+00 -1.523068480229670951e-01 1.266605955174930465e+00 -1.289300281901382128e-01 -2.427454895372166133e-01
6.121331540274402849e-01 7.671818840068014289e-01 1.916375779544221836e-01 1.433099201606982120e-01 -6.948573999805549573e-01 6.375414213384217321e-01 -3.327373319349849479e-01 -9.246693235610269068e-02 -3.774469450573287865e-01 7.051876295962196395e-02 9.233422495497584093e-01 -1.276920074446816766e-01 0.000000000000000000e+00 0.000000000000000000e+00 0.000000000000000000e+00 1.000000000000000000e+00 -1.391927100395463412e+00 -1.283312094830485917e+00 -1.585971167550334904e-01 1.281263005346155337e+00 -1.295929451007905575e-01 -2.444758309696522525e-01
6.127549043799982442e-01 7.663530105011440163e-01 1.929624138530171285e-01 1.465220421345335700e-01 -6.974937378062575632e-01 6.392390092302047133e-01 -3.238456068806809807e-01 -9.696350642976631073e-02 -3.715291560507187341e-01 6.384790824518779551e-02 9.262232629840584375e-01 -1.312823437880283328e-01 0.000000000000000000e+00 0.000000000000000000e+00 0.000000000000000000e+00 1.000000000000000000e+00 -1.362489511841242118e+00 -1.299773057844113788e+00 -1.649356734661506230e-01 1.295576098987842428e+00 -1.298971159010397225e-01 -2.461471747781544261e-01
6.133764120320841506e-01 7.655641744349352962e-01 1.941156219982451137e-01 1.497784417458969675e-01 -7.001198835410635812e-01 6.408039049581983893e-01 -3.149642937866534154e-01 -1.015361803299355270e-01 -3.655154261664257387e-01 5.728746144206128127e-02 9.290406999058336002e-01 -1.348671568206638305e-01 0.000000000000000000e+00 0.000000000000000000e+00 0.000000000000000000e+00 1.000000000000000000e+00 -1.332885869515859856e+00 -1.315273532823672875e+00 -1.713185103064782111e-01 1.309542177594967161e+00 -1.298488021790662195e-01 -2.477578416127559913e-01
6.139956729657660706e-01 7.648171831110960328e-01 1.950999557400764362e-01 1.530796913430742257e-01 -7.027331433647823200e-01 6.422382695331247948e-01 -3.060982467554650976e-01 -1.061830493720133661e-01 -3.594098548240898805e-01 5.083979351717290984e-02 9.317939008953398661e-01 -1.384440046868352647e-01 0.000000000000000000e+00 0.000000000000000000e+00 0.000000000000000000e+00 1.000000000000000000e+00 -1.303137055961992363e+00 -1.329824024172912456e+00 -1.777415546988475037e-01 1.323158394230294244e+00 -1.294543859031618005e-01 -2.493063711467485011e-01
6.146106694184741981e-01 7.641137182235190339e-01 1.959182314251723678e-01 1.564263112139921141e-01 -7.053309791615707258e-01 6.435443573279394647e-01 -2.972522031754197824e-01 -1.109021680245173558e-01 -3.532165565725174927e-01 4.450717725431896366e-02 9.344823045091973368e-01 -1.420105057656866898e-01 0.000000000000000000e+00 0.000000000000000000e+00 0.000000000000000000e+00 1.000000000000000000e+00 -1.273263601870934902e+00 -1.343435880029591578e+00 -1.842006808258305761e-01 1.336422110307134759e+00 -1.287203637415158808e-01 -2.507915105831864389e-01
6.152193768181742906e-01 7.634553359194148348e-01 1.965733227096561897e-01 1.598187691588379145e-01 -7.079110078110129045e-01 6.447245088213440223e-01 -2.884307803523370461e-01 -1.156915523894408160e-01 -3.469396552555811808e-01 3.829178564371680388e-02 9.371054459759753374e-01 -1.455643405497709930e-01 0.000000000000000000e+00 0.000000000000000000e+00 0.000000000000000000e+00 1.000000000000000000e+00 -1.243285697803634404e+00 -1.356121220576264497e+00 -1.906917204179599534e-01 1.349330892214031907e+00 -1.276533414403627498e-01 -2.522122038599383664e-01
6.158197704058894217e-01 7.628434671597543737e-01 1.970681551096873096e-01 1.632574801785659502e-01 -7.104710000002175674e-01 6.457811434337193957e-01 -2.796384724193803351e-01 -1.205491827580212894e-01 -3.405832784120524925e-01 3.219569034856738232e-02 9.396629555926254707e-01 -1.491032533430242668e-01 0.000000000000000000e+00 0.000000000000000000e+00 0.000000000000000000e+00 1.000000000000000000e+00 -1.213223200952859848e+00 -1.367892870277076289e+00 -1.972104728819674690e-01 1.361882507808578779e+00 -1.262600282565219112e-01 -2.535675814753165502e-01
6.164098315407791073e-01 7.622794183662819911e-01 1.974057007687014254e-01 1.667428062774420072e-01 -7.130088785931288919e-01 6.467167524618615548e-01 -2.708796475352989730e-01 -1.254730062283348213e-01 -3.341515519071250329e-01 2.622086027513165218e-02 9.421545568418960848e-01 -1.526250537816697672e-01 0.000000000000000000e+00 0.000000000000000000e+00 0.000000000000000000e+00 1.000000000000000000e+00 -1.183095637789228105e+00 -1.378764293641213667e+00 -2.037527148052629411e-01 1.374074922805680776e+00 -1.245472314418017701e-01 -2.548569508650908033e-01
6.169875536844773301e-01 7.617643723433132896e-01 1.975889734244763718e-01 1.702750563773249015e-01 -7.155227165921030918e-01 6.475338921205864295e-01 -2.621585453796215770e-01 -1.304609393716928134e-01 -3.276485947943535426e-01 2.036916026863665879e-02 9.445800642518965562e-01 -1.561276181817722875e-01 0.000000000000000000e+00 0.000000000000000000e+00 0.000000000000000000e+00 1.000000000000000000e+00 -1.152922203328955675e+00 -1.388749534177903033e+00 -2.103142088702516233e-01 1.385906297083779659e+00 -1.225218507779286675e-01 -2.560797872698835631e-01
6.175509480628046388e-01 7.612993894622337443e-01 1.976210235628059197e-01 1.738544863409713093e-01 -7.180107347257308481e-01 6.482351767005115617e-01 -2.534792749514722110e-01 -1.355108709353910201e-01 -3.210785144074042585e-01 1.464234995350892007e-02 9.469393810197337391e-01 -1.596088907174227356e-01 0.000000000000000000e+00 0.000000000000000000e+00 0.000000000000000000e+00 1.000000000000000000e+00 -1.122721757669511655e+00 -1.397863156264166129e+00 -2.168907122095569961e-01 1.397374980930852439e+00 -1.201908731616324333e-01 -2.572357250395356232e-01
6.180980490043052056e-01 7.608854090962998695e-01 1.975049337475923983e-01 1.774812991012742480e-01 -7.204712986958687893e-01 6.488232718521843578e-01 -2.448458126767967535e-01 -1.406206645699476787e-01 -3.144454016814217656e-01 9.042082732953770491e-03 9.492324964216439787e-01 -1.630668844337928858e-01 0.000000000000000000e+00 0.000000000000000000e+00 0.000000000000000000e+00 1.000000000000000000e+00 -1.092512820358976899e+00 -1.406120189695578171e+00 -2.234779842308215192e-01 1.408479511250366301e+00 -1.175613672402904264e-01 -2.583245493280194593e-01
6.186269189563194937e-01 7.605232512930315547e-01 1.972438141196726502e-01 1.811556448930090601e-01 -7.229029161158472272e-01 6.493008880072485001e-01 -2.362620008269061267e-01 -1.457881615695670319e-01 -3.077533267039989640e-01 3.569904959731555992e-03 9.514594830323112040e-01 -1.664996820995556515e-01 0.000000000000000000e+00 0.000000000000000000e+00 0.000000000000000000e+00 1.000000000000000000e+00 -1.062313563094261726e+00 -1.413536076732655911e+00 -2.300717939375336030e-01 1.419218607745801553e+00 -1.146404780991255312e-01 -2.593461881388651746e-01
6.191356531804935726e-01 7.602136186711880850e-01 1.968407980587353334e-01 1.848776215833603520e-01 -7.253042331708363655e-01 6.496707739475722221e-01 -2.277315462493861020e-01 -1.510111836151746267e-01 -3.010063344957246145e-01 -1.772744712899653949e-03 9.536204937761213474e-01 -1.699054369034138368e-01 0.000000000000000000e+00 0.000000000000000000e+00 0.000000000000000000e+00 1.000000000000000000e+00 -1.032141801181058582e+00 -1.420126621491829111e+00 -2.366679267702960221e-01 1.429591169100835391e+00 -1.114354220013926144e-01 -2.603007046868613950e-01
6.196223841307419988e-01 7.599570985290550196e-01 1.962990380043265204e-01 1.886472750972418566e-01 -7.276740310303615455e-01 6.499357105332410622e-01 -2.192580194106092117e-01 -1.562875355099894448e-01 -2.942084410201072919e-01 -6.984535793720709866e-03 9.557157588329708853e-01 -1.732823729997160223e-01 0.000000000000000000e+00 0.000000000000000000e+00 0.000000000000000000e+00 1.000000000000000000e+00 -1.002014984133339892e+00 -1.425907941560786263e+00 -2.432621909911220348e-01 1.439596269170809517e+00 -1.079534811832911084e-01 -2.611882900470163249e-01
6.200852855177223510e-01 7.597541651505411719e-01 1.956217014332281290e-01 1.924645999331948965e-01 -7.300112220419477937e-01 6.500985046000797851e-01 -2.108448537473294471e-01 -1.616150078982223626e-01 -2.873636294223633203e-01 -1.206424622558140494e-02 9.577455824209430979e-01 -1.766287859083566780e-01 0.000000000000000000e+00 0.000000000000000000e+00 0.000000000000000000e+00 1.000000000000000000e+00 -9.719501857413687107e-01 -1.430896421743856894e+00 -2.498504236317206917e-01 1.449233153199673829e+00 -1.042019987055291530e-01 -2.620092560664362691e-01
