3.989656165397673648e-01 5.273701978770276577e-01 -7.501380614328191365e-01 0.000000000000000000e+00 -7.648066803188343643e-01 6.426822668952990592e-01 4.505824628193604020e-02 0.000000000000000000e+00 5.058628060637857526e-01 5.557339095371669480e-01 6.597443771884747843e-01 0.000000000000000000e+00 0.000000000000000000e+00 0.000000000000000000e+00 0.000000000000000000e+00 1.000000000000000000e+00 -2.332204771413320388e-01 5.672979834082311212e-01 -5.729122514945986788e-01 2.682224590710737822e-01 -1.684821624787996019e-01 9.270508200638594154e-02
3.999368304608837965e-01 5.296892004890840777e-01 -7.479838789540526056e-01 -2.490985402272148023e-04 -7.667768431905593873e-01 6.404352389865676232e-01 4.354282266406095392e-02 -1.545112781757357811e-03 5.020993972162625107e-01 5.561223389679760265e-01 6.622870526217972120e-01 3.863518126499362773e-04 0.000000000000000000e+00 0.000000000000000000e+00 0.000000000000000000e+00 1.000000000000000000e+00 -3.984810702493938872e-01 7.533518762849046313e-01 -5.642797620203247044e-01 2.432607217180196291e-01 -1.947780314147935787e-01 5.670233836320237586e-02
4.016165103507503553e-01 5.325776284943425365e-01 -7.450270125912589192e-01 -4.771004106616711683e-04 -7.687354238387642535e-01 6.381985128575731192e-01 4.181514457718239763e-02 -3.088333452724161508e-03 4.977449420608170416e-01 5.559350038124000193e-01 6.657223486170351645e-01 5.086707684908972410e-04 0.000000000000000000e+00 0.000000000000000000e+00 0.000000000000000000e+00 1.000000000000000000e+00 -5.517415227981601333e-01 9.378631227278136917e-01 -5.482616597529530456e-01 2.186995843147156726e-01 -2.210808520273629119e-01 1.750322048554972532e-02
4.040072010583032891e-01 5.359751924009537039e-01 -7.412885918682264874e-01 -6.737008018410149766e-04 -7.706564319959086085e-01 6.360043700342665751e-01 3.983848794825150391e-02 -4.630203373287767286e-03 4.928152252309752623e-01 5.551837851892227338e-01 6.700030748161796001e-01 3.580685417596914848e-04 0.000000000000000000e+00 0.000000000000000000e+00 0.000000000000000000e+00 1.000000000000000000e+00 -6.945702033376326412e-01 1.120794994080568596e+00 -5.259243458185695053e-01 1.946404494305156996e-01 -2.472964041454954742e-01 -2.450882180376467295e-02
4.070941251159804763e-01 5.398131830317804969e-01 -7.368012642631397435e-01 -8.385783713186399863e-04 -7.725320066400075403e-01 6.338639309802102106e-01 3.756082723452409261e-02 -6.170679027002734345e-03 4.873075755861924208e-01 5.539117669143440725e-01 6.750652439244881897e-01 -6.554425010682322656e-05 0.000000000000000000e+00 0.000000000000000000e+00 0.000000000000000000e+00 1.000000000000000000e+00 -8.151974788101594704e-01 1.302109538394059296e+00 -5.079811581205548876e-01 1.711804541382756784e-01 -2.733352613547744836e-01 -6.461173794113174440e-02
4.108428789763087230e-01 5.440132574486401529e-01 -7.316130857456096814e-01 -9.825426162338825927e-04 -7.743744046683467275e-01 6.317637796037151032e-01 3.491143421678040426e-02 -7.709131733168267560e-03 4.811989315309498916e-01 5.521993333318830910e-01 6.808255924125884428e-01 -7.521494370223025944e-04 0.000000000000000000e+00 0.000000000000000000e+00 0.000000000000000000e+00 1.000000000000000000e+00 -9.130064947131704134e-01 1.481780882513144215e+00 -4.971539432758583232e-01 1.484064381589991211e-01 -2.991295517256127301e-01 -1.016791597326499874e-01
4.152148701145914056e-01 5.485059051091514259e-01 -7.257671023028919866e-01 -1.117756792362113770e-03 -7.761972346536366585e-01 6.296864099127486014e-01 3.182574756308848701e-02 -9.244920691497000506e-03 4.744622918337785822e-01 5.501238938247945409e-01 6.872039276390186080e-01 -1.690235117225055185e-03 0.000000000000000000e+00 0.000000000000000000e+00 0.000000000000000000e+00 1.000000000000000000e+00 -9.919985440857184145e-01 1.659800017074350542e+00 -4.926095972437045112e-01 1.263997892225010578e-01 -3.246342213594385906e-01 -1.361723960480701878e-01
4.201720358445186210e-01 5.532346948942374887e-01 -7.192960698336040570e-01 -1.254866417705855679e-03 -7.780098879089605290e-01 6.276164951301530515e-01 2.825154063417900652e-02 -1.077755327277136327e-02 4.670718111039789400e-01 5.477489468724168198e-01 6.941289634476744963e-01 -2.869372042111334193e-03 0.000000000000000000e+00 0.000000000000000000e+00 0.000000000000000000e+00 1.000000000000000000e+00 -1.055617461365744525e+00 1.836170097653589961e+00 -4.936294589023860757e-01 1.052395762430147902e-01 -3.498202202707229036e-01 -1.684880480750881593e-01
4.256766499087126787e-01 5.581545707107857801e-01 -7.122238894014318866e-01 -1.403184849376588840e-03 -7.798178333756469183e-01 6.255406193652661706e-01 2.414706083715993309e-02 -1.230668061960155102e-02 4.590027656567066128e-01 5.451260497944904193e-01 7.015369232524513166e-01 -4.280047533003510617e-03 0.000000000000000000e+00 0.000000000000000000e+00 0.000000000000000000e+00 1.000000000000000000e+00 -1.106816934326693147e+00 2.010902378669197965e+00 -4.995890037291660368e-01 8.500335711777877445e-02 -3.746696208976186826e-01 -1.989690849480686419e-01
4.316839805776085393e-01 5.632235300095659314e-01 -7.045766105432900162e-01 -1.575894495764969434e-03 -7.816126263697097398e-01 6.234593481720369645e-01 1.949727757515047621e-02 -1.383193462889083410e-02 4.502562002666297136e-01 5.422893119952746366e-01 7.093600356711257104e-01 -5.908526949229603656e-03 0.000000000000000000e+00 0.000000000000000000e+00 0.000000000000000000e+00 1.000000000000000000e+00 -1.148151338302254576e+00 2.174934001076575640e+00 -5.036320737926026636e-01 6.574125082474360782e-02 -3.991810549406817898e-01 -2.250763387075802868e-01
4.381326545319922383e-01 5.683901172672967128e-01 -6.963996379779030521e-01 -1.797780713128406278e-03 -7.833569266156116262e-01 6.214066765431506267e-01 1.434114012731050464e-02 -1.535280980628447867e-02 4.408987473486428166e-01 5.392461575665498108e-01 7.175108921157863362e-01 -7.728771701960061857e-03 0.000000000000000000e+00 0.000000000000000000e+00 0.000000000000000000e+00 1.000000000000000000e+00 -1.181881706183934844e+00 2.314008767571778424e+00 -4.952197812016123635e-01 4.742254281407611016e-02 -4.233804684545803831e-01 -2.426652370844789852e-01
4.449580029788367530e-01 5.736010789781189612e-01 -6.877457248603333628e-01 -2.097460776425844400e-03 -7.850012310202572063e-01 6.194324718706076816e-01 8.745317794328542893e-03 -1.686907222502808529e-02 4.310283585603147949e-01 5.359899406855321846e-01 7.258989887663866991e-01 -9.709661092490443762e-03 0.000000000000000000e+00 0.000000000000000000e+00 0.000000000000000000e+00 1.000000000000000000e+00 -1.209893311263897431e+00 2.432353457308655376e+00 -4.765254405348564037e-01 2.995998129364144114e-02 -4.473038859070255224e-01 -2.534090516397072279e-01
4.521063118256468671e-01 5.788128708043842607e-01 -6.786571651295856267e-01 -2.497635701106314717e-03 -7.865044710165370878e-01 6.175783792532834049e-01 2.768231072931514464e-03 -1.838105402680312306e-02 4.207262803654780448e-01 5.325153590399585024e-01 7.344499940576785235e-01 -1.182479454765803656e-02 0.000000000000000000e+00 0.000000000000000000e+00 0.000000000000000000e+00 1.000000000000000000e+00 -1.233626612464926664e+00 2.533471904382806006e+00 -4.493734717239513676e-01 1.326675666604033507e-02 -4.709776799966460814e-01 -2.586783838379455025e-01
4.595328427604059018e-01 5.839895575574225450e-01 -6.691679666180703201e-01 -3.016170091920187049e-03 -7.878327318574707139e-01 6.158790986178955817e-01 -3.538800168886766483e-03 -1.988956016793117648e-02 4.100599422481399636e-01 5.288186211784856594e-01 7.431027614599766684e-01 -1.405166286386317319e-02 0.000000000000000000e+00 0.000000000000000000e+00 0.000000000000000000e+00 1.000000000000000000e+00 -1.254178692210378365e+00 2.620243841400120566e+00 -4.152896464156653478e-01 -2.738967099014080059e-03 -4.944196341648240955e-01 -2.595822090459929954e-01
4.672001179276138449e-01 5.891011619418686784e-01 -6.593056008606252849e-01 -3.667012266644804203e-03 -7.889581120441534479e-01 6.143634683644190186e-01 -1.013049035006089241e-02 -2.139578577186374703e-02 3.990853925102610944e-01 5.248974674202823154e-01 7.518068253538030543e-01 -1.637093213357604729e-02 0.000000000000000000e+00 0.000000000000000000e+00 0.000000000000000000e+00 1.000000000000000000e+00 -1.272380765290501037e+00 2.695022399518470113e+00 -3.755468274931229589e-01 -1.813199695907496967e-02 -5.176402963467321428e-01 -2.570097480740963780e-01
4.750764766076883139e-01 5.941223675494146095e-01 -6.490924112316149852e-01 -4.460958780975547364e-03 -7.898577331588193529e-01 6.130553769968962730e-01 -1.696663797856267156e-02 -2.290124621377044936e-02 3.878493342350017303e-01 5.207511101171894419e-01 7.605203348602972424e-01 -1.876583883299522484e-02 0.000000000000000000e+00 0.000000000000000000e+00 0.000000000000000000e+00 1.000000000000000000e+00 -1.288858841011026213e+00 2.759721813242434152e+00 -3.312048746820613343e-01 -3.297951465791704173e-02 -5.406443520435555428e-01 -2.516684997231067866e-01
4.831348847482925812e-01 5.990315023648965509e-01 -6.385467460728011524e-01 -5.406279294177630985e-03 -7.905128953043181195e-01 6.119745261822836513e-01 -2.401129736563592174e-02 -2.440771985516382650e-02 3.763908193187722739e-01 5.163801313588980424e-01 7.692083694125516624e-01 -2.122168585933870491e-02 0.000000000000000000e+00 0.000000000000000000e+00 0.000000000000000000e+00 1.000000000000000000e+00 -1.304080875285996477e+00 2.815894077152392150e+00 -2.831450484755569930e-01 -4.734129272137401617e-02 -5.634318849214918767e-01 -2.441175503151175596e-01
4.913519685691205008e-01 6.038097434984213141e-01 -6.276838704948354275e-01 -6.509220524769420216e-03 -7.909083663570236622e-01 6.111370669890141549e-01 -3.123206931484321866e-02 -2.591720223204034904e-02 3.647426523195829162e-01 5.117863622637893739e-01 7.778415786584422786e-01 -2.372542755375377579e-02 0.000000000000000000e+00 0.000000000000000000e+00 0.000000000000000000e+00 1.000000000000000000e+00 -1.318393263872846388e+00 2.864794550419432539e+00 -2.320993780111560156e-01 -6.127031751866149345e-02 -5.859994706943516540e-01 -2.347960034157820508e-01
4.997072404087842257e-01 6.084404960394074191e-01 -6.165166999610204313e-01 -7.774408204675018266e-03 -7.910317899525474150e-01 6.105561288623913008e-01 -3.859950258339415324e-02 -2.743187000800528449e-02 3.529325496678351604e-01 5.069727585228351874e-01 7.863950928204668234e-01 -2.626533147561085912e-02 0.000000000000000000e+00 0.000000000000000000e+00 0.000000000000000000e+00 1.000000000000000000e+00 -1.332049015062125807e+00 2.907437220778667175e+00 -1.786755288613612880e-01 -7.481357552711580261e-02 -6.083410925638137456e-01 -2.240467854235049794e-01
5.081824856945299507e-01 6.129089088727376344e-01 -6.050563902244754377e-01 -9.205164645481506841e-03 -7.908731962143150662e-01 6.102422585256694898e-01 -4.608659516049321697e-02 -2.895405289058276127e-02 3.409840937983006359e-01 5.019432805949002319e-01 7.948476554355048407e-01 -2.883070529144339880e-02 0.000000000000000000e+00 0.000000000000000000e+00 0.000000000000000000e+00 1.000000000000000000e+00 -1.345229470595871835e+00 2.944640696876438479e+00 -1.233777261286465310e-01 -8.801286314132911182e-02 -6.304488880811339735e-01 -2.121362899319482742e-01
5.167606043511717706e-01 6.172017352211358610e-01 -5.933131555482532571e-01 -1.080363297750894756e-02 -7.904249178610979198e-01 6.102034173561003971e-01 -5.366786309343687250e-02 -3.048620172305934253e-02 3.289178172818935653e-01 4.967029384751391885e-01 8.031807174535121607e-01 -3.141184349275807919e-02 0.000000000000000000e+00 0.000000000000000000e+00 0.000000000000000000e+00 1.000000000000000000e+00 -1.358060062604337315e+00 2.976801773669953466e+00 -6.680886999629143119e-02 -1.009047739043890946e-01 -6.523135139939096883e-01 -1.993530832750254334e-01
5.254079232751343032e-01 6.213132871095683463e-01 -5.813057011162029442e-01 -1.256783214291499161e-02 -7.896896248658479278e-01 6.104358470239411583e-01 -6.130557819941568481e-02 -3.203056734401034389e-02 3.167598681500432001e-01 4.912615164375657151e-01 8.113724871446499343e-01 -3.400415840164364850e-02 0.000000000000000000e+00 0.000000000000000000e+00 0.000000000000000000e+00 1.000000000000000000e+00 -1.370610546167444044e+00 2.997627723270251732e+00 -1.407387858756078969e-02 -1.135008225709972229e-01 -6.739187242086090990e-01 -1.879842213447830146e-01
5.340767737834402062e-01 6.252451889023392662e-01 -5.690610320486090279e-01 -1.449250902294020593e-02 -7.886796590214754099e-01 6.109256927936789205e-01 -6.895066502125990482e-02 -3.358914123439669941e-02 3.045429340788470829e-01 4.856318083083430714e-01 8.193993852534235955e-01 -3.660739204564181920e-02 0.000000000000000000e+00 0.000000000000000000e+00 0.000000000000000000e+00 1.000000000000000000e+00 -1.383249559703015663e+00 3.007919284004522353e+00 3.506126581263830505e-02 -1.257902253401362580e-01 -6.952432605785553443e-01 -1.778615593750956236e-01
5.427242567274813689e-01 6.289999752799458888e-01 -5.566052613814206351e-01 -1.657281520086620330e-02 -7.874082226567266085e-01 6.116595529086106264e-01 -7.655640473100636112e-02 -3.516392169425722886e-02 2.922989490413501756e-01 4.798245763111125828e-01 8.272422286389199408e-01 -3.922080190319675308e-02 0.000000000000000000e+00 0.000000000000000000e+00 0.000000000000000000e+00 1.000000000000000000e+00 -1.396226228932896163e+00 3.008391282797093780e+00 8.078948396922708275e-02 -1.377627956219233951e-01 -7.162678320899812379e-01 -1.688366715159898002e-01
5.513118320894030422e-01 6.325808269445190035e-01 -5.439639380709146987e-01 -1.880423201659923646e-02 -7.858894112914831531e-01 6.126243823342699679e-01 -8.407853628923254996e-02 -3.675690894427669636e-02 2.800591019551043059e-01 4.738489898120833987e-01 8.348856441145330320e-01 -4.184323425952075903e-02 0.000000000000000000e+00 0.000000000000000000e+00 0.000000000000000000e+00 1.000000000000000000e+00 -1.409696087465907022e+00 2.999690073578618499e+00 1.232725390211000527e-01 -1.494092028422889795e-01 -7.369750241564045901e-01 -1.607793494673706580e-01
5.598049818162540436e-01 6.359913732437294520e-01 -5.311622729775943297e-01 -2.118250419410150354e-02 -7.841381998448838653e-01 6.138074190722635493e-01 -9.147533387915819658e-02 -3.837009865286098581e-02 2.678538210663538588e-01 4.677129750605948377e-01 8.423175814269028283e-01 -4.447319330805772630e-02 0.000000000000000000e+00 0.000000000000000000e+00 0.000000000000000000e+00 1.000000000000000000e+00 -1.423741937636134436e+00 2.982407360823624565e+00 1.626488163196655734e-01 -1.607211295537308016e-01 -7.573491826800455851e-01 -1.535761165118154636e-01
5.681729282528927838e-01 6.392355471661036459e-01 -5.182252826538303880e-01 -2.370358185312455845e-02 -7.821703916365495557e-01 6.151961284286426856e-01 -9.870766375816363014e-02 -4.000547400892195266e-02 2.557127404819252714e-01 4.614234935370684632e-01 8.495289038339282062e-01 -4.710890584615996801e-02 0.000000000000000000e+00 0.000000000000000000e+00 0.000000000000000000e+00 1.000000000000000000e+00 -1.438390545245850971e+00 2.957091329666786450e+00 1.990394360418794861e-01 -1.716913563334308002e-01 -7.773762855050471154e-01 -1.471287555271051928e-01
5.763883946097941857e-01 6.423174806136131565e-01 -5.051778670928479542e-01 -2.636357063141743159e-02 -7.800025377283188455e-01 6.167781618163076240e-01 -1.057390236212291390e-01 -4.166499653636197148e-02 2.436646533916582702e-01 4.549867633021127955e-01 8.565130392434402440e-01 -4.974838136503979824e-02 0.000000000000000000e+00 0.000000000000000000e+00 0.000000000000000000e+00 1.000000000000000000e+00 -1.453625928226885078e+00 2.924255713369099841e+00 2.325530685796843300e-01 -1.823137970568202426e-01 -7.970438095003234968e-01 -1.413528588080276149e-01
5.844273969038529248e-01 6.452414300725409779e-01 -4.920448347580371196e-01 -2.915868955232511425e-02 -7.776518328740458230e-01 6.185413274964465247e-01 -1.125355671980571848e-01 -4.335059590010680725e-02 2.317374553571220908e-01 4.484084350960144683e-01 8.632656784643105707e-01 -5.238946734218322826e-02 0.000000000000000000e+00 0.000000000000000000e+00 0.000000000000000000e+00 1.000000000000000000e+00 -1.469399878791102232e+00 2.884387235283712769e+00 2.632897328578781559e-01 -1.925835017061271470e-01 -8.163405985301445122e-01 -1.361764113566050483e-01
5.922690590776846786e-01 6.480117247412378045e-01 -4.788508859840805987e-01 -3.208523618904139674e-02 -7.751359933778225741e-01 6.204735712385012203e-01 -1.190661163110049436e-01 -4.506415898707817613e-02 2.199580803201400536e-01 4.416937327535030988e-01 8.697845100114690586e-01 -5.502989958541537607e-02 0.000000000000000000e+00 0.000000000000000000e+00 0.000000000000000000e+00 1.000000000000000000e+00 -1.485640252752294943e+00 2.837951732451803544e+00 2.913437907890849554e-01 -2.024966395505401751e-01 -8.352567355894050527e-01 -1.315384199713734714e-01
5.998954447591405836e-01 6.506327308308051949e-01 -4.656205640716202243e-01 -3.513955860762517369e-02 -7.724731214302478222e-01 6.225629652828816862e-01 -1.253021621171251099e-01 -4.680751856105335590e-02 2.083524315407784266e-01 4.348475656873664330e-01 8.760689832494298335e-01 -5.766734753600480379e-02 0.000000000000000000e+00 0.000000000000000000e+00 0.000000000000000000e+00 1.000000000000000000e+00 -1.502257468229964976e+00 2.785399180049714207e+00 3.168063006648142443e-01 -2.120504720730930492e-01 -8.537834210942120139e-01 -1.273875994221512209e-01
6.072914005163394524e-01 6.531088271489111641e-01 -4.523781819736846788e-01 -3.831803351900489596e-02 -7.696815599386149787e-01 6.247977042809758075e-01 -1.312178568028634917e-01 -4.858244179060400986e-02 1.969453094006261007e-01 4.278746196880860997e-01 8.821200935692536937e-01 -6.029945450343273533e-02 0.000000000000000000e+00 0.000000000000000000e+00 0.000000000000000000e+00 1.000000000000000000e+00 -1.519149577947869867e+00 2.727167776185883685e+00 3.397668540439926499e-01 -2.212433222451531400e-01 -8.719128585053486091e-01 -1.236811251402910594e-01
6.144444065940826150e-01 6.554443882338770733e-01 -4.391477313119436787e-01 -4.161705003590725899e-02 -7.667797414428758618e-01 6.271661071004429600e-01 -1.367899966201385487e-01 -5.039061893700494399e-02 1.857603378331023347e-01 4.207794310311636088e-01 8.879401848563951427e-01 -6.292387287032968901e-02 0.000000000000000000e+00 0.000000000000000000e+00 0.000000000000000000e+00 1.000000000000000000e+00 -1.536206213484406780e+00 2.663687205922661949e+00 3.603149915891026844e-01 -2.300745445333009231e-01 -8.896381479634337675e-01 -1.203834597335059348e-01
6.213444320522303332e-01 6.576437722549147713e-01 -4.259527795011023854e-01 -4.503299841290038519e-02 -7.637860343769612426e-01 6.296566235455319793e-01 -1.419979968546685456e-01 -5.223365246683785851e-02 1.748198910228412617e-01 4.135664478360172036e-01 8.935327657856354522e-01 -6.553829436871386194e-02 0.000000000000000000e+00 0.000000000000000000e+00 0.000000000000000000e+00 1.000000000000000000e+00 -1.553311644643201594e+00 2.595381175898485271e+00 3.785412711444781086e-01 -2.385444982663892377e-01 -9.069531883181025655e-01 -1.174652585633849250e-01
6.279837920110463712e-01 6.597113116635342500e-01 -4.128163599520192073e-01 -4.856226314478599704e-02 -7.607185896638565259e-01 6.322578451689543355e-01 -1.468238590981585656e-01 -5.411304682448372927e-02 1.641450219219805773e-01 4.062400817455414370e-01 8.989023375228534229e-01 -6.814047558583637143e-02 0.000000000000000000e+00 0.000000000000000000e+00 0.000000000000000000e+00 1.000000000000000000e+00 -1.570347151120347062e+00 2.522669292584523326e+00 3.945380445714378737e-01 -2.466545256149815235e-01 -9.238525877615780812e-01 -1.149023577657975054e-01
6.343570053736400371e-01 6.616513051971413262e-01 -3.997608596309917828e-01 -5.220121980837000297e-02 -7.575951903981114066e-01 6.349585194545742661e-01 -1.512521310467014601e-01 -5.603019906506159775e-02 1.537553940443051603e-01 3.988047522656995025e-01 9.040542312588624174e-01 -7.072825890850652220e-02 0.000000000000000000e+00 0.000000000000000000e+00 0.000000000000000000e+00 1.000000000000000000e+00 -1.587192865467747627e+00 2.445968345358755958e+00 4.083999872749446425e-01 -2.544069343792321192e-01 -9.403315831766595467e-01 -1.126748465167718150e-01
6.404606519625573036e-01 6.634680103222396763e-01 -3.868079076452266563e-01 -5.594623505310553774e-02 -7.544331071517026421e-01 6.377475667358153411e-01 -1.552698589577095056e-01 -5.798639051063570610e-02 1.436692179076589082e-01 3.912649254974385205e-01 9.089944546765664768e-01 -7.329958915826000065e-02 0.000000000000000000e+00 0.000000000000000000e+00 0.000000000000000000e+00 1.000000000000000000e+00 -1.603729214741104192e+00 2.365693048386565245e+00 4.202244150803385869e-01 -2.618049849945774388e-01 -9.563859682451860689e-01 -1.107662240578693724e-01
6.462932284906863778e-01 6.651656355819330901e-01 -3.739782679807529542e-01 -5.979366917524472913e-02 -7.512489612233315128e-01 6.406140992875317686e-01 -1.588665328557460343e-01 -5.998277955342377898e-02 1.339031933945318276e-01 3.836251484907961529e-01 9.137295469816903992e-01 -7.585252620606368346e-02 0.000000000000000000e+00 0.000000000000000000e+00 0.000000000000000000e+00 1.000000000000000000e+00 -1.619838062079843155e+00 2.282256291461014719e+00 4.301114164462845335e-01 -2.688528806064912624e-01 -9.720120303126772443e-01 -1.091626409708240375e-01
6.518550031957901503e-01 6.667483325982158648e-01 -3.612917390225505732e-01 -6.373988074611666721e-02 -7.480585979262820429e-01 6.435474420917186578e-01 -1.620340245732653228e-01 -6.202039569079700193e-02 1.244724591870669389e-01 3.758900800389256003e-01 9.182664425272690778e-01 -7.838525388455386267e-02 0.000000000000000000e+00 0.000000000000000000e+00 0.000000000000000000e+00 1.000000000000000000e+00 -1.635403627854607134e+00 2.196068948517129193e+00 4.381638233701227181e-01 -2.755557587021191801e-01 -9.872064959541125839e-01 -1.078522233896990895e-01
6.571478693099871426e-01 6.682201876889221070e-01 -3.487670620257112830e-01 -6.778123280630353464e-02 -7.448769717684897707e-01 6.465371548313157968e-01 -1.647665187361303241e-01 -6.410013483933352241e-02 1.153905503048157782e-01 3.680645183963599520e-01 9.226123433478513602e-01 -8.089608553831437177e-02 0.000000000000000000e+00 0.000000000000000000e+00 0.000000000000000000e+00 1.000000000000000000e+00 -1.650313252145801268e+00 2.107539292745506110e+00 4.444870412931342107e-01 -2.819196825891138736e-01 -1.001966485126839057e+00 -1.068244782125166714e-01
6.621751978152745632e-01 6.695852132051133276e-01 -3.364218402732268576e-01 -7.191410018232154144e-02 -7.417180451163787325e-01 6.495730547123341747e-01 -1.670604368478211810e-01 -6.622275594012004551e-02 1.066693646317399269e-01 3.601534261418181670e-01 9.267746011038971998e-01 -8.338346656868832196e-02 0.000000000000000000e+00 0.000000000000000000e+00 0.000000000000000000e+00 1.000000000000000000e+00 -1.664458045532475783e+00 2.017072068481160940e+00 4.491887564586664605e-01 -2.879516309554190356e-01 -1.016289473725890513e+00 -1.060697768766956928e-01
6.669416901575020429e-01 6.708473387882862848e-01 -3.242724702459562902e-01 -7.613487752959388621e-02 -7.385947016502455442e-01 6.526452397531368188e-01 -1.689143546837788279e-01 -6.838887883573194215e-02 9.831913916455460589e-02 3.521619522034938887e-01 9.307606090319151537e-01 -8.584597433935917121e-02 0.000000000000000000e+00 0.000000000000000000e+00 0.000000000000000000e+00 1.000000000000000000e+00 -1.677733462946010112e+00 1.925067271815430470e+00 4.523785381854923959e-01 -2.936594838055694434e-01 -1.030173264274158562e+00 -1.055789148524142462e-01
6.714532317573183029e-01 6.720104027978013317e-01 -3.123340857415786154e-01 -8.043998775384017530e-02 -7.355186756151310679e-01 6.557441122113903953e-01 -1.703289132729134403e-01 -7.059898337150530279e-02 9.034843654961932646e-02 3.440954509174699028e-01 9.345777045127765525e-01 -8.828231581270977457e-02 0.000000000000000000e+00 0.000000000000000000e+00 0.000000000000000000e+00 1.000000000000000000e+00 -1.690039825255574391e+00 1.831918693723203262e+00 4.541673531085578808e-01 -2.990520032283610630e-01 -1.043615964386654715e+00 -1.053427436515330246e-01
6.757167472706838707e-01 6.730781441759249306e-01 -3.006205155121144945e-01 -8.482589051144062697e-02 -7.325004975511840710e-01 6.588604018445020083e-01 -1.713067238126296798e-01 -7.285340965030029370e-02 8.276414230282558293e-02 3.359594978917850860e-01 9.382330828205398543e-01 -9.069132328504912743e-02 0.000000000000000000e+00 0.000000000000000000e+00 0.000000000000000000e+00 1.000000000000000000e+00 -1.701282804969447060e+00 1.738012281026925621e+00 4.546670083663242878e-01 -3.041388076875117252e-01 -1.056615972547916282e+00 -1.053518718220600586e-01
6.797400586169557446e-01 6.740541950084294465e-01 -2.891442546456814977e-01 -8.928909053692390962e-02 -7.295494568573936967e-01 6.619851887189535100e-01 -1.718522669334195951e-01 -7.515235935121664101e-02 7.557147292934701666e-02 3.277599023942704415e-01 9.417337225083786123e-01 -9.307194858148098993e-02 0.000000000000000000e+00 0.000000000000000000e+00 0.000000000000000000e+00 1.000000000000000000e+00 -1.711373885697764052e+00 1.643724371406478202e+00 4.539895407728433141e-01 -3.089303388217796709e-01 -1.069171970638819191e+00 -1.055964310832826353e-01
6.835317468131036911e-01 6.749420740095548599e-01 -2.779164496003697082e-01 -9.382614559164847989e-02 -7.266735812096187797e-01 6.651099252987527910e-01 -1.719717867965717684e-01 -7.749589800875826551e-02 6.877399498102841624e-02 3.195027159662326977e-01 9.450863227384130871e-01 -9.542325605880405681e-02 0.000000000000000000e+00 0.000000000000000000e+00 0.000000000000000000e+00 1.000000000000000000e+00 -1.720230799624764328e+00 1.549419858650663784e+00 4.522465690348817513e-01 -3.134378200749837196e-01 -1.081282922548697289e+00 -1.060659034470439188e-01
6.871010186326326208e-01 6.757451811173114109e-01 -2.669468965098716895e-01 -9.843367387128458545e-02 -7.238796325264020837e-01 6.682264575543352958e-01 -1.716731805718893500e-01 -7.988395813968729442e-02 6.237365491210378199e-02 3.111942369810570819e-01 9.482972526801606294e-01 -9.774441474775598382e-02 0.000000000000000000e+00 0.000000000000000000e+00 0.000000000000000000e+00 1.000000000000000000e+00 -1.727777943021071572e+00 1.455450343245615841e+00 4.495486259279198871e-01 -3.176732068310924584e-01 -1.092948078115968613e+00 -1.067490048660380136e-01
6.904575790521412237e-01 6.764667933338792682e-01 -2.562440521252549730e-01 -1.031083607502547711e-01 -7.211731188629040279e-01 6.713270448419434988e-01 -1.709658839000199881e-01 -8.231634310003958788e-02 5.637081942242684607e-02 3.028410109113955362e-01 9.513725128997055913e-01 -1.000346899445821863e-01 0.000000000000000000e+00 0.000000000000000000e+00 0.000000000000000000e+00 1.000000000000000000e+00 -1.733946766657746608e+00 1.362152321100708718e+00 4.460044869345130003e-01 -3.216491280874869685e-01 -1.104166981560527061e+00 -1.076336206564064563e-01
6.936115103624984624e-01 6.771100618908315605e-01 -2.458150565381998498e-01 -1.078469647783694696e-01 -7.185583213230767319e-01 6.744043783111685064e-01 -1.698607529949480721e-01 -8.479273155413948049e-02 5.076432581499943503e-02 2.944498261352628266e-01 9.543177084500088503e-01 -1.022934345368332887e-01 0.000000000000000000e+00 0.000000000000000000e+00 0.000000000000000000e+00 1.000000000000000000e+00 -1.738676135751613394e+00 1.269845459697640511e+00 4.417205111153290065e-01 -3.253788200443789580e-01 -1.114939483508621487e+00 -1.087067876698713104e-01
6.965731587111186895e-01 6.776780107639585049e-01 -2.356657666506666027e-01 -1.126463228781310472e-01 -7.160383348209689025e-01 6.774515976063530953e-01 -1.683699440855007112e-01 -8.731268244047994675e-02 4.555154174465476935e-02 2.860277051944953297e-01 9.571380331629053551e-01 -1.045200803200532214e-01 0.000000000000000000e+00 0.000000000000000000e+00 0.000000000000000000e+00 1.000000000000000000e+00 -1.741912652674196593e+00 1.178831006267014203e+00 4.368000089027900268e-01 -3.288760523056477036e-01 -1.125265755669627499e+00 -1.099547179535661640e-01
6.993530287127317502e-01 6.781735365107783853e-01 -2.258007992159110078e-01 -1.175033547203268719e-01 -7.136151213007727589e-01 6.804623056372695045e-01 -1.665067909296646942e-01 -8.987564032546742354e-02 4.072843360036734056e-02 2.775818915130840447e-01 9.598382644451867174e-01 -1.067141295312613036e-01 0.000000000000000000e+00 0.000000000000000000e+00 0.000000000000000000e+00 1.000000000000000000e+00 -1.743610934997344319e+00 1.089390366876089145e+00 4.313426500870389813e-01 -3.321550476637235572e-01 -1.135146307206875260e+00 -1.113628584482528466e-01
7.019616866243856279e-01 6.785994093578419095e-01 -2.162235821765630395e-01 -1.224150662804581180e-01 -7.112895738474004359e-01 6.834305812070783359e-01 -1.642856811615144297e-01 -9.248094104464447962e-02 3.628964264748744256e-02 2.691198316824999770e-01 9.624227677033618811e-01 -1.088751467925603011e-01 0.000000000000000000e+00 0.000000000000000000e+00 0.000000000000000000e+00 1.000000000000000000e+00 -1.743733841430374243e+00 1.001783888741023754e+00 4.254439235389234075e-01 -3.352303966688915393e-01 -1.144582001853112985e+00 -1.129159811519652862e-01
7.044096724320442204e-01 6.789582754264409381e-01 -2.069364129664663376e-01 -1.273785525992431056e-01 -7.090615899887853235e-01 6.863509893019917874e-01 -1.617219322471275811e-01 -9.512781754144555846e-02 3.222856796040307614e-02 2.606491535212213106e-01 9.648955093713056375e-01 -1.110027516245642026e-01 0.000000000000000000e+00 0.000000000000000000e+00 0.000000000000000000e+00 1.000000000000000000e+00 -1.742252638727644687e+00 9.162498708945445713e-01 4.191946582421518519e-01 -3.381169683547548543e-01 -1.153574074855585163e+00 -1.145982981286868957e-01
7.067074210465525974e-01 6.792526599554079558e-01 -1.979405224223234616e-01 -1.323909997869840982e-01 -7.069301524096249789e-01 6.892185888679632777e-01 -1.588316678326296416e-01 -9.781540582515352300e-02 2.853745510229305574e-02 2.521776402116445714e-01 9.672600773973326627e-01 -1.130966116553964174e-01 0.000000000000000000e+00 0.000000000000000000e+00 0.000000000000000000e+00 1.000000000000000000e+00 -1.739147103610915845e+00 8.330038208138829114e-01 4.126806130601808342e-01 -3.408298186028941301e-01 -1.162124148895050224e+00 -1.163935957798300225e-01
7.088651926609270681e-01 6.794849713588246853e-01 -1.892361429659920047e-01 -1.374496863241866929e-01 -7.048934152638730577e-01 6.920289379254093154e-01 -1.556316952641909057e-01 -1.005427509818793697e-01 2.520748945768800861e-02 2.437132009053965820e-01 9.695197079656784345e-01 -1.151564366175199666e-01 0.000000000000000000e+00 0.000000000000000000e+00 0.000000000000000000e+00 1.000000000000000000e+00 -1.734405555055682502e+00 7.522379670247341110e-01 4.059821404257224486e-01 -3.433840976803750333e-01 -1.170234248205114236e+00 -1.182853829255713363e-01
7.108930121832096605e-01 6.796575059445751910e-01 -1.808225797646838273e-01 -1.425519837197463946e-01 -7.029487942880411344e-01 6.947780959034092207e-01 -1.521393850462690878e-01 -1.033088131845069785e-01 2.222889309576393108e-02 2.352638382644433035e-01 9.716773171834326428e-01 -1.171819731923536556e-01 0.000000000000000000e+00 0.000000000000000000e+00 0.000000000000000000e+00 1.000000000000000000e+00 -1.728024813833680673e+00 6.741210303196552012e-01 3.991739268980216138e-01 -3.457949584759600903e-01 -1.177906810219642830e+00 -1.202570474646930954e-01
7.128006175330690031e-01 6.797724531162611106e-01 -1.726982836497540641e-01 -1.476953565936103274e-01 -7.010930589757284892e-01 6.974626231096252571e-01 -1.483725529806888821e-01 -1.061124736591266132e-01 1.959102403724894900e-02 2.268376134677589639e-01 9.737355364573315741e-01 -1.191730007321729207e-01 0.000000000000000000e+00 0.000000000000000000e+00 0.000000000000000000e+00 1.000000000000000000e+00 -1.720010087887402728e+00 5.987982493160650677e-01 3.923248113680692373e-01 -3.480774668994879306e-01 -1.185144694192535431e+00 -1.222920166921982188e-01
7.145974164786730309e-01 6.798319008851522183e-01 -1.648609246701553399e-01 -1.528773622534766452e-01 -6.993224251707890193e-01 7.000795772906514003e-01 -1.443493456955171894e-01 -1.089525405761138377e-01 1.728247681448579626e-02 2.184426092599260905e-01 9.756967503135026698e-01 -1.211293278607853130e-01 0.000000000000000000e+00 0.000000000000000000e+00 0.000000000000000000e+00 1.000000000000000000e+00 -1.710374783845460378e+00 5.263916498460614601e-01 3.854976796792509153e-01 -3.502465158007858070e-01 -1.191951186361003723e+00 -1.243739167460707618e-01
7.162924515950037652e-01 6.798378415294287214e-01 -1.573074652686565211e-01 -1.580956498352351913e-01 -6.976326465661397691e-01 7.026265072786722632e-01 -1.400881302295885200e-01 -1.118277548433820462e-01 1.529118325094273520e-02 2.100868916479365633e-01 9.775631354739010570e-01 -1.230507899294028956e-01 0.000000000000000000e+00 0.000000000000000000e+00 0.000000000000000000e+00 1.000000000000000000e+00 -1.699140246687864009e+00 4.570005422876738388e-01 3.787494326327072725e-01 -3.523167436181055545e-01 -1.198330001355583763e+00 -1.264867271168728380e-01
7.178943728468257790e-01 6.797921772536661411e-01 -1.500342321922650268e-01 -1.633479590749195021e-01 -6.960191037506749945e-01 7.051014437630387377e-01 -1.356073882866547231e-01 -1.147367957872400257e-01 1.360451244119836693e-02 2.017784708654684622e-01 9.793367000913101306e-01 -1.249372472823916808e-01 0.000000000000000000e+00 0.000000000000000000e+00 0.000000000000000000e+00 1.000000000000000000e+00 -1.686335431166857912e+00 3.907022265329506694e-01 3.721310228099920514e-01 -3.543024587907713241e-01 -1.204285279692362209e+00 -1.286149266721529905e-01
7.194114172392973572e-01 6.796967257209467483e-01 -1.430369863778521433e-01 -1.686321187763666907e-01 -6.944768896209972953e-01 7.075028872683817305e-01 -1.309256157133934784e-01 -1.176782867126144189e-01 1.220936898264950859e-02 1.935252622205301809e-01 9.810193221551612996e-01 -1.267885842694239651e-01 0.000000000000000000e+00 0.000000000000000000e+00 0.000000000000000000e+00 1.000000000000000000e+00 -1.671996510023978422e+00 3.275528809066236557e-01 3.656875544010907420e-01 -3.562175707762094690e-01 -1.209821581310495553e+00 -1.307436282055709498e-01
7.208513949364020457e-01 6.795532253517869714e-01 -1.363109901850759476e-01 -1.739460450339874176e-01 -6.930008901606444782e-01 7.098297934628767791e-01 -1.260612276890463457e-01 -1.206508003391381367e-01 1.109228859314474736e-02 1.853350474236943879e-01 9.826127862073915642e-01 -1.286047089261315168e-01 0.000000000000000000e+00 0.000000000000000000e+00 0.000000000000000000e+00 1.000000000000000000e+00 -1.656166425273396081e+00 2.675886090123212879e-01 3.594584392877532841e-01 -3.580755283072934447e-01 -1.214943875236789594e+00 -1.328586991008122442e-01
7.222216812211021963e-01 6.793633403069693211e-01 -1.298510714772056207e-01 -1.792877392644205981e-01 -6.915858597804388497e-01 7.120815559599683597e-01 -1.210324700425770145e-01 -1.236528641128304268e-01 1.023953034151618008e-02 1.772154369617769121e-01 9.841188176453211645e-01 -1.303855532346746560e-01 0.000000000000000000e+00 0.000000000000000000e+00 0.000000000000000000e+00 1.000000000000000000e+00 -1.638894389815338082e+00 2.108266171570869207e-01 3.534776019992614260e-01 -3.598892653208192738e-01 -1.219657525565311929e+00 -1.349468662852550682e-01
7.235292136600552926e-01 6.791286650942246483e-01 -1.236516841729080052e-01 -1.846552860947330843e-01 -6.902264906033468428e-01 7.142579868130946030e-01 -1.158573370373955080e-01 -1.266829653949377577e-01 9.637164817620400351e-03 1.691738340376997274e-01 9.855391140314933018e-01 -1.321310738686073682e-01 0.000000000000000000e+00 0.000000000000000000e+00 0.000000000000000000e+00 1.000000000000000000e+00 -1.620235347384908486e+00 1.572664946157283361e-01 3.477737258157044820e-01 -3.616711547897181744e-01 -1.223968274031012937e+00 -1.369958042212312543e-01
7.247804938382498285e-01 6.788507287605564100e-01 -1.177069650057170624e-01 -1.900468511485270406e-01 -6.889174752604247942e-01 7.163592949347089567e-01 -1.105534958854183375e-01 -1.297395565301541487e-01 9.271157672131115010e-03 1.612174005436011193e-01 9.868753729733956703e-01 -1.338412533228367229e-01 0.000000000000000000e+00 0.000000000000000000e+00 0.000000000000000000e+00 1.000000000000000000e+00 -1.600249399326750588e+00 1.068915694404608541e-01 3.423705322172975185e-01 -3.634329705068086724e-01 -1.227882219530305852e+00 -1.389942052284244833e-01
7.259815930431623432e-01 6.785309986520681180e-01 -1.120107863307453350e-01 -1.954606787650882138e-01 -6.876535629365509994e-01 7.183860626973600505e-01 -1.051382181730979304e-01 -1.328210597961144712e-01 9.127448061239778684e-03 1.533530254733305731e-01 9.881293162743918224e-01 -1.355161013290623051e-01 0.000000000000000000e+00 0.000000000000000000e+00 0.000000000000000000e+00 1.000000000000000000e+00 -1.579001206921394562e+00 5.967031367383834189e-02 3.372870860339711729e-01 -3.651858567015362489e-01 -1.231405794997568082e+00 -1.409318319364504524e-01
7.271381613020716506e-01 6.781708837408819690e-01 -1.065568049088930908e-01 -2.008950896807472353e-01 -6.864296085621924837e-01 7.203392209951814396e-01 -9.962831830360123486e-02 -1.359258722349889759e-01 9.192021635149578637e-03 1.455872961146156275e-01 9.893027101871940676e-01 -1.371556564594910432e-01 0.000000000000000000e+00 0.000000000000000000e+00 0.000000000000000000e+00 1.000000000000000000e+00 -1.556559377990414772e+00 1.555777354807411084e-02 3.325381189991347686e-01 -3.669403052267988796e-01 -1.234545742084506736e+00 -1.427995521215221497e-01
7.282554392080308192e-01 6.777717375337505290e-01 -1.013385066766839537e-01 -2.063484786960878559e-01 -6.852406151878802643e-01 7.222200230585080760e-01 -9.404009898301794734e-02 -1.390523703664384159e-01 9.450977809623551523e-03 1.379264722926550890e-01 9.903973817197596619e-01 -1.387599878264555997e-01 0.000000000000000000e+00 0.000000000000000000e+00 0.000000000000000000e+00 1.000000000000000000e+00 -1.532995846297258602e+00 -2.550299758742501782e-02 3.281343649146004626e-01 -3.687061399327336564e-01 -1.237309084109935675e+00 -1.445893565776452949e-01
7.293382720078011028e-01 6.773348605890796570e-01 -9.634924757478978419e-02 -2.118193123476234951e-01 -6.840817696997667507e-01 7.240300173223619407e-01 -8.838930370568021111e-02 -1.421989147793404906e-01 9.890591155038298832e-03 1.303764638677669674e-01 9.914152310483779207e-01 -1.403291967923963046e-01 0.000000000000000000e+00 0.000000000000000000e+00 0.000000000000000000e+00 1.000000000000000000e+00 -1.508385251866350973e+00 -6.357952341081758718e-02 3.240829002497104816e-01 -3.704925077490400787e-01 -1.239703097752057781e+00 -1.462943610061787636e-01
7.303911254670367725e-01 6.768615026782682786e-01 -9.158229056065747553e-02 -2.173061265981438006e-01 -6.829484721368602740e-01 7.257710196513464940e-01 -8.269107612556589326e-02 -1.453638545977719021e-01 1.049736682592532395e-02 1.229428116218734129e-01 9.923582401825141730e-01 -1.418634186130590391e-01 0.000000000000000000e+00 0.000000000000000000e+00 0.000000000000000000e+00 1.000000000000000000e+00 -1.482804329795381459e+00 -9.874852301344902439e-02 3.203874846883782435e-01 -3.723078759267015037e-01 -1.241735283945605284e+00 -1.479087931756881413e-01
7.314181030725673827e-01 6.763528646336395278e-01 -8.703083897114294309e-02 -2.228075245561333406e-01 -6.818363589532789870e-01 7.274450852193564687e-01 -7.695992613833343987e-02 -1.485455318148976578e-01 1.125809003473480716e-02 1.156306716036547555e-01 9.932284781000145779e-01 -1.433628239462840792e-01 0.000000000000000000e+00 0.000000000000000000e+00 0.000000000000000000e+00 1.000000000000000000e+00 -1.456331314466463800e+00 -1.310945779992734872e-01 3.170488968682594888e-01 -3.741600348425649925e-01 -1.243413338424292025e+00 -1.494279668071575029e-01
