5.671537320553804440e-01 8.143225921299863668e-01 -1.233505580139527824e-01 0.000000000000000000e+00 -5.455605348959008394e-01 2.592467572125563002e-01 -7.969660103410135532e-01 0.000000000000000000e+00 -6.170091952149111547e-01 5.192974434959927166e-01 5.912950348166082781e-01 0.000000000000000000e+00 0.000000000000000000e+00 0.000000000000000000e+00 0.000000000000000000e+00 1.000000000000000000e+00 -1.084126177339482799e-01 -1.920754093642805804e-01 1.955327890377480671e-01 1.004747888087061947e-01 1.194884979634511790e-01 -2.062410621615358708e-01
5.679482254618074544e-01 8.138380341819215769e-01 -1.228920984364813562e-01 8.921463682947952884e-04 -5.457680028953144635e-01 2.606163809880148730e-01 -7.963770397146463509e-01 6.658209953520950351e-04 -6.160942301649218189e-01 5.193715013335684638e-01 5.921833696607758935e-01 -7.045793163997575133e-04 0.000000000000000000e+00 0.000000000000000000e+00 0.000000000000000000e+00 1.000000000000000000e+00 -2.863414860966277953e-01 -5.171467708470753322e-02 2.317069869111178793e-01 1.304698193721829103e-01 9.388591424655945428e-02 -2.166474245908441010e-01
5.689743150637507352e-01 8.133539424858579059e-01 -1.213408178550312716e-01 1.771057109965879428e-03 -5.454015741332686185e-01 2.627917990216062649e-01 -7.959130568575962794e-01 1.256030903715566784e-03 -6.154716501591933620e-01 5.190335588723982152e-01 5.931263043238672594e-01 -1.597520022660330486e-03 0.000000000000000000e+00 0.000000000000000000e+00 0.000000000000000000e+00 1.000000000000000000e+00 -4.626058906984383823e-01 7.072292051770905086e-02 2.699013611309840632e-01 1.604944422842288776e-01 6.848730449414361376e-02 -2.259314394322268771e-01
5.702192157322061306e-01 8.128632802206423591e-01 -1.187574635715969301e-01 2.636768012501092447e-03 -5.445359317119318199e-01 2.657656341620139862e-01 -7.955182259844554293e-01 1.769950654105476549e-03 -6.150859010277044403e-01 5.182874842142903837e-01 5.941779350003520976e-01 -2.677707925310096430e-03 0.000000000000000000e+00 0.000000000000000000e+00 0.000000000000000000e+00 1.000000000000000000e+00 -6.372382081773073637e-01 1.727909184179403368e-01 3.065472739452435591e-01 1.905431956539245797e-01 4.331575091369198327e-02 -2.357252593131596019e-01
5.716621665321094392e-01 8.123612003582360019e-01 -1.152026448324226099e-01 3.489864534668504856e-03 -5.432473323375589525e-01 2.695259258630691712e-01 -7.951340217767287610e-01 2.209888631267400462e-03 -6.148859275724359863e-01 5.171315661015898346e-01 5.953908295366363568e-01 -3.946251345459399380e-03 0.000000000000000000e+00 0.000000000000000000e+00 0.000000000000000000e+00 1.000000000000000000e+00 -8.102616415413204098e-01 2.569304633266200066e-01 3.418498145556642109e-01 2.206052865858553480e-01 1.839755890437120081e-02 -2.459673285568761969e-01
5.732840270590662257e-01 8.118399833991821746e-01 -1.107306095730915263e-01 4.330951225690569950e-03 -5.416024022417699202e-01 2.740610827004109629e-01 -7.947058339359278634e-01 2.577781470866799020e-03 -6.148270187169899703e-01 5.155641238573670515e-01 5.968093261913905989e-01 -5.403975145007016909e-03 0.000000000000000000e+00 0.000000000000000000e+00 0.000000000000000000e+00 1.000000000000000000e+00 -9.816931603232181835e-01 3.252029995360288805e-01 3.759928434722792923e-01 2.506688731485579025e-01 -6.239710055217784213e-03 -2.566136871545510179e-01
5.750674063823041360e-01 8.112893147533778437e-01 -1.053903621302723914e-01 5.160650687710129428e-03 -5.396596672594253796e-01 2.793596745673234683e-01 -7.941823579398276101e-01 2.875238672453299220e-03 -6.148698418738334226e-01 5.135833153245137339e-01 5.984707649136126184e-01 -7.051445654133487763e-03 0.000000000000000000e+00 0.000000000000000000e+00 0.000000000000000000e+00 1.000000000000000000e+00 -1.151544939873069051e+00 3.793546501671546944e-01 4.091420996305361601e-01 2.807209962865643837e-01 -3.056743779352093238e-02 -2.676349995633653389e-01
5.769887485636109314e-01 8.107008920336836733e-01 -9.923734434111336489e-02 5.979146587583098783e-03 -5.374735773112834236e-01 2.853944092472021632e-01 -7.935188636591155031e-01 3.100067948212794060e-03 -6.149846653029937826e-01 5.111889052721648730e-01 6.003996713423412901e-01 -8.886341498474613007e-03 0.000000000000000000e+00 0.000000000000000000e+00 0.000000000000000000e+00 1.000000000000000000e+00 -1.314522516375514760e+00 4.208823372148963737e-01 4.375064305102485673e-01 3.107463076099785670e-01 -5.456236599489910910e-02 -2.772466979226436701e-01
5.790071831507224154e-01 8.100754829901541942e-01 -9.234931922511195601e-02 6.785642359596618690e-03 -5.350998222885192668e-01 2.920998581802661809e-01 -7.926826952368488666e-01 3.241343358135318972e-03 -6.151575919267465720e-01 5.083850774502221004e-01 6.025991627866922329e-01 -1.089968419608494665e-02 0.000000000000000000e+00 0.000000000000000000e+00 0.000000000000000000e+00 1.000000000000000000e+00 -1.463140376776080887e+00 4.510520431628941007e-01 4.556636622038354179e-01 3.407260139642966368e-01 -7.821842788271431146e-02 -2.829287305823459664e-01
5.810751248423615678e-01 8.094186037474097040e-01 -8.481289058844007633e-02 7.579097109011425672e-03 -5.325931736354306834e-01 2.993934244720709015e-01 -7.916489696863772130e-01 3.283987634377691801e-03 -6.153829795813483550e-01 5.051782890617729782e-01 6.050608941746999925e-01 -1.307923055701726289e-02 0.000000000000000000e+00 0.000000000000000000e+00 0.000000000000000000e+00 1.000000000000000000e+00 -1.599025635078018537e+00 4.709019669144064446e-01 4.649622034417333905e-01 3.706411689736562320e-01 -1.015419474337463240e-01 -2.851847473198201310e-01
5.831517073455847466e-01 8.087337563928284068e-01 -7.670593741600428839e-02 8.359009032859857774e-03 -5.300036278075636043e-01 3.072019493195795037e-01 -7.903942809646945511e-01 3.214677916385021671e-03 -6.156543198989469223e-01 5.015741981117161075e-01 6.077771657600797850e-01 -1.541391082590807225e-02 0.000000000000000000e+00 0.000000000000000000e+00 0.000000000000000000e+00 1.000000000000000000e+00 -1.723608578872579233e+00 4.813568261142781024e-01 4.665845299589757578e-01 4.004757584625307509e-01 -1.245401700397982120e-01 -2.844647554017675772e-01
5.852021465180562432e-01 8.080229112846141204e-01 -6.809864899327190690e-02 9.125369791522010623e-03 -5.273769694481711401e-01 3.154605191246687701e-01 -7.888968218973885227e-01 3.021657779484601507e-03 -6.159642690046784885e-01 4.975777712631304084e-01 6.107408468219038822e-01 -1.789368196334200148e-02 0.000000000000000000e+00 0.000000000000000000e+00 0.000000000000000000e+00 1.000000000000000000e+00 -1.838144581399202560e+00 4.832492359548487548e-01 4.615654062243741973e-01 4.302170072302384241e-01 -1.472198615587328729e-01 -2.811699394933555585e-01
5.871971393862861488e-01 8.072868757477700274e-01 -5.905440934792271362e-02 9.878617792768100425e-03 -5.247552036377505225e-01 3.241113969041553577e-01 -7.871364439316158590e-01 2.694566398863414321e-03 -6.163047108698749277e-01 4.931933753643185647e-01 6.139452736672816879e-01 -2.050939500073354141e-02 0.000000000000000000e+00 0.000000000000000000e+00 0.000000000000000000e+00 1.000000000000000000e+00 -1.943733874756032209e+00 4.773355705971505381e-01 4.508085013631271121e-01 4.598554696372620931e-01 -1.695863818336348916e-01 -2.756572042816738954e-01
5.891123017818131746e-01 8.065255775568448415e-01 -4.963055726956899089e-02 1.061959233845385063e-02 -5.221768927110924663e-01 3.331030695928539065e-01 -7.850946697921848960e-01 2.224283929128304318e-03 -6.166668383359636962e-01 4.884248567995047585e-01 6.173841357190004153e-01 -2.325267544196913880e-02 0.000000000000000000e+00 0.000000000000000000e+00 0.000000000000000000e+00 1.000000000000000000e+00 -2.041339330023682397e+00 4.643078141335050257e-01 4.351014369545286309e-01 4.893849670142648156e-01 -1.916431053567894394e-01 -2.682434095840000587e-01
5.909276454761779318e-01 8.057382846507702423e-01 -3.987904313671422618e-02 1.134948995689565726e-02 -5.196774238808639090e-01 3.423894021850265035e-01 -7.827546711728610163e-01 1.602792107235763474e-03 -6.170412415925681238e-01 4.832756118168102799e-01 6.210513590313619936e-01 -2.611581568766044997e-02 0.000000000000000000e+00 0.000000000000000000e+00 0.000000000000000000e+00 1.000000000000000000e+00 -2.131802400298789646e+00 4.448024969681413920e-01 4.151293427518258916e-01 5.188024186052208053e-01 -2.133910920362467878e-01 -2.592092869776898567e-01
5.926270945300856630e-01 8.049237771906331274e-01 -2.984699975440261929e-02 1.206982376575644993e-02 -5.172892269606229609e-01 3.519288895491072822e-01 -7.801012211932004670e-01 8.230490613136777272e-04 -6.174179973241951114e-01 4.777486501851904155e-01 6.249409934230727437e-01 -2.909167848833202341e-02 0.000000000000000000e+00 0.000000000000000000e+00 0.000000000000000000e+00 1.000000000000000000e+00 -2.215857382927077346e+00 4.194075175513648501e-01 3.914870164137547182e-01 5.481076010036979307e-01 -2.348289348206905602e-01 -2.488030392795360368e-01
5.941980398421555787e-01 8.040804840003208387e-01 -1.957724116781171808e-02 1.278238635025853373e-02 -5.150419562714789734e-01 3.616839969687936640e-01 -7.771206293922602315e-01 -1.211226877556542767e-04 -6.177867542030271997e-01 4.718466539040206964e-01 6.290471071715201257e-01 -3.217361047933348095e-02 0.000000000000000000e+00 0.000000000000000000e+00 0.000000000000000000e+00 1.000000000000000000e+00 -2.294144152063536168e+00 3.886674342494282341e-01 3.646897922304588868e-01 5.773028623897380474e-01 -2.559527294750229554e-01 -2.372436319634349533e-01
5.956402787802148602e-01 8.031995166637575512e-01 -9.121316313854486643e-03 1.348930022299603577e-02 -5.129583839348976770e-01 3.716144442478032106e-01 -7.738064384945803065e-01 -1.231085430358041990e-03 -6.181313417154978840e-01 4.655891370378127392e-01 6.333564568514611359e-01 -3.535865586294262980e-02 0.000000000000000000e+00 0.000000000000000000e+00 0.000000000000000000e+00 1.000000000000000000e+00 -2.360969499986896647e+00 3.530717203298902040e-01 3.398339640087018609e-01 6.063914811533824833e-01 -2.767547372161808794e-01 -2.268038624893870814e-01
5.969658093612072447e-01 8.022653510219442952e-01 1.460374485073589329e-03 1.419285818153045477e-02 -5.110537442952236553e-01 3.816771276767209620e-01 -7.701601416530863276e-01 -2.503382924288922052e-03 -6.184301851375407777e-01 4.590129410700233281e-01 6.378489066139928498e-01 -3.864765319807674654e-02 0.000000000000000000e+00 0.000000000000000000e+00 0.000000000000000000e+00 1.000000000000000000e+00 -2.416844342779363330e+00 3.132418164673547722e-01 3.174034089719198204e-01 6.353754436537305539e-01 -2.972237432033817406e-01 -2.177190780177051255e-01
5.981878778576200650e-01 8.012643397101295584e-01 1.211298413742451820e-02 1.489531246759578757e-02 -5.093401123214988946e-01 3.918330729703463633e-01 -7.661850273309585013e-01 -3.934363549298755536e-03 -6.186630050276099579e-01 4.521529654642784668e-01 6.425058627790461996e-01 -4.204155281486182671e-02 0.000000000000000000e+00 0.000000000000000000e+00 0.000000000000000000e+00 1.000000000000000000e+00 -2.463162721365935504e+00 2.697671182644257315e-01 2.971217452498245981e-01 6.642554842550256744e-01 -3.173470892952078848e-01 -2.098824593418902595e-01
5.993193540251544604e-01 8.001856029911310619e-01 2.278851351987411580e-02 1.559886295475611771e-02 -5.078272452033186779e-01 4.020478824704221688e-01 -7.618851570183222677e-01 -5.520816118678306336e-03 -6.188116045937445131e-01 4.450398907208354404e-01 6.473111272026874641e-01 -4.554089915001319211e-02 0.000000000000000000e+00 0.000000000000000000e+00 0.000000000000000000e+00 1.000000000000000000e+00 -2.501132580220446933e+00 2.231804338678204935e-01 2.787419073178221685e-01 6.930311761037415419e-01 -3.371115218275801961e-01 -2.031944785481019089e-01
6.003726932794868354e-01 7.990206920032741911e-01 3.344497880731074624e-02 1.630566566571653095e-02 -5.065227733484692907e-01 4.122911538195203063e-01 -7.572652691555186166e-01 -7.259930154703482172e-03 -6.188596855027870269e-01 4.377007443641531270e-01 6.522505268612611706e-01 -4.914585718723452068e-02 0.000000000000000000e+00 0.000000000000000000e+00 0.000000000000000000e+00 1.000000000000000000e+00 -2.531799430329689571e+00 1.739628276750421199e-01 2.620427646527786480e-01 7.217009366784667979e-01 -3.565036495687384233e-01 -1.975622781506016779e-01
6.013598975044663897e-01 7.977632828637610807e-01 4.404567949673337396e-02 1.701784122194018728e-02 -5.054323840498099463e-01 4.225359711318261713e-01 -7.523306863422742907e-01 -9.149258931362990593e-03 -6.187926793064862929e-01 4.301593902413159975e-01 6.573115857826319353e-01 -5.285623608289759939e-02 0.000000000000000000e+00 0.000000000000000000e+00 0.000000000000000000e+00 1.000000000000000000e+00 -2.556067347494523023e+00 1.225481293154956908e-01 2.468262406096191353e-01 7.502620635713110886e-01 -3.755102771611222301e-01 -1.928991841458081169e-01
6.022924777045137734e-01 7.964089019214443121e-01 5.455855514295818165e-02 1.773748295076690851e-02 -5.045599965474345527e-01 4.327584610280439947e-01 -7.470872289773826669e-01 -1.118668474430763345e-02 -6.185975932395912924e-01 4.224369524079664706e-01 6.624832380429501733e-01 -5.667151062784577670e-02 0.000000000000000000e+00 0.000000000000000000e+00 0.000000000000000000e+00 1.000000000000000000e+00 -2.574717517239428322e+00 6.932713217201272315e-02 2.329148314329957670e-01 7.787107924591222252e-01 -3.941186419806009811e-01 -1.891243077695864694e-01
6.031814205186429856e-01 7.949546811208902941e-01 6.495562030974798284e-02 1.846666443869047700e-02 -5.039079276342315339e-01 4.429374063571032694e-01 -7.415411370743685282e-01 -1.337038605000008887e-02 -6.182628693591230018e-01 4.145521830061457691e-01 6.677555793652311111e-01 -6.059084102205573169e-02 0.000000000000000000e+00 0.000000000000000000e+00 0.000000000000000000e+00 1.000000000000000000e+00 -2.588424546938850934e+00 1.465149789652034351e-02 2.201494491300957090e-01 8.070423706113822870e-01 -4.123165766702290291e-01 -1.861622046878453063e-01
6.040371597434457396e-01 7.933991416319564616e-01 7.521246851554005963e-02 1.920744637527490098e-02 -5.034770473069489771e-01 4.530539109616270044e-01 -7.356990010192293594e-01 -1.569880624377513467e-02 -6.177782561303380993e-01 4.065217820136579618e-01 6.731196541949751033e-01 -6.461309131058096122e-02 0.000000000000000000e+00 0.000000000000000000e+00 0.000000000000000000e+00 1.000000000000000000e+00 -2.597770764791968556e+00 -4.116262086981595930e-02 2.083875298737988824e-01 8.352511405103126840e-01 -4.300926150259883340e-01 -1.839425705378236187e-01
6.048695533927168633e-01 7.917420034585518351e-01 8.530783705253196236e-02 1.996188258040369062e-02 -5.032669242560713352e-01 4.630911094128616901e-01 -7.295677013692076773e-01 -1.817062393404288156e-02 -6.171346916484755640e-01 3.983606754982770837e-01 6.785672748281843525e-01 -6.873684673530067180e-02 0.000000000000000000e+00 0.000000000000000000e+00 0.000000000000000000e+00 1.000000000000000000e+00 -2.603258717430580127e+00 -9.783122927084567100e-02 1.975013630855125268e-01 8.633306292347866506e-01 -4.474360552139315383e-01 -1.823999590787638292e-01
6.056878663925379103e-01 7.899840185512876367e-01 9.522322551064801854e-02 2.073202514837550400e-02 -5.032759612219174228e-01 4.730339162138061937e-01 -7.231543573539597203e-01 -2.078472462800419474e-02 -6.163241977350493173e-01 3.900822579867910256e-01 6.840908691111228235e-01 -7.296043018881639974e-02 0.000000000000000000e+00 0.000000000000000000e+00 0.000000000000000000e+00 1.000000000000000000e+00 -2.605322065765066419e+00 -1.550994006738634912e-01 1.873766064500831940e-01 8.912736401902078276e-01 -4.643369913155472872e-01 -1.814735144139162093e-01
6.065007587253912202e-01 7.881268249274315796e-01 1.049425616679649786e-01 2.151992867619285585e-02 -5.035015204274394529e-01 4.828688095266379654e-01 -7.164662834693856786e-01 -2.354017378123927223e-02 -6.153397841769109311e-01 3.816986037142913735e-01 6.896833533338094790e-01 -7.728191790775112979e-02 0.000000000000000000e+00 0.000000000000000000e+00 0.000000000000000000e+00 1.000000000000000000e+00 -2.604335064004367428e+00 -2.127384386060930110e-01 1.779109596756762168e-01 9.190723445600232910e-01 -4.807863217981773185e-01 -1.811067123576482474e-01
6.073162786581387529e-01 7.861728193877124404e-01 1.144519091361028140e-01 2.232765357080349067e-02 -5.039400394364939029e-01 4.925836450095247843e-01 -7.095109534021505349e-01 -2.643619118559584202e-02 -6.141753623951400343e-01 3.732206508182498994e-01 6.953380271394249412e-01 -8.169915450767731291e-02 0.000000000000000000e+00 0.000000000000000000e+00 0.000000000000000000e+00 1.000000000000000000e+00 -2.600620790943407368e+00 -2.705432793103142441e-01 1.690129754671216289e-01 9.467183705211377198e-01 -4.967757415822762201e-01 -1.812471084614101502e-01
6.081418605875583694e-01 7.841250465704193706e-01 1.237392117886445264e-01 2.315726845171504206e-02 -5.045871378860793399e-01 5.021674958410360379e-01 -7.022959704538933590e-01 -2.947212668158500845e-02 -6.128256678454111483e-01 3.646583619571249768e-01 7.010484875263955917e-01 -8.620976743712265022e-02 0.000000000000000000e+00 0.000000000000000000e+00 0.000000000000000000e+00 1.000000000000000000e+00 -2.594458286513037226e+00 -3.283301232309873141e-01 1.606009904165840996e-01 9.742028888167485468e-01 -5.122977228392313620e-01 -1.818460918003084181e-01
6.089843269912634804e-01 7.819871022692083118e-01 1.327940705654988840e-01 2.401085168203189943e-02 -5.054377156081952815e-01 5.116105154637946573e-01 -6.948290436218710342e-01 -3.264743718641237996e-02 -6.112861904658573042e-01 3.560208643426893138e-01 7.068085592990187571e-01 -9.081118091071146980e-02 0.000000000000000000e+00 0.000000000000000000e+00 0.000000000000000000e+00 1.000000000000000000e+00 -2.586088730853655093e+00 -3.859342830066597174e-01 1.526021616967239147e-01 1.001516693728467411e+00 -5.273454884300715628e-01 -1.828586446000578514e-01
6.098498939641964212e-01 7.797630491418102716e-01 1.416075487464811822e-01 2.489049207328365709e-02 -5.064860426971571350e-01 5.209038199914688416e-01 -6.871179685179467089e-01 -3.596166502931481823e-02 -6.095531125048972987e-01 3.473165717617167636e-01 7.126122396059635378e-01 -9.550062936935363456e-02 0.000000000000000000e+00 0.000000000000000000e+00 0.000000000000000000e+00 1.000000000000000000e+00 -2.575720788204879153e+00 -4.432082349774010832e-01 1.449515978439296082e-01 1.028650278847756283e+00 -5.419129809272094089e-01 -1.842431083336131259e-01
6.107441798386408216e-01 7.774573431390179312e-01 1.501720022315814196e-01 2.579828881812340838e-02 -5.077258420965163888e-01 5.300393875951511236e-01 -6.791706123563994169e-01 -3.941441758380995197e-02 -6.076232530811299659e-01 3.385532908124219698e-01 7.184536544807370584e-01 -1.002751705069080956e-01 0.000000000000000000e+00 0.000000000000000000e+00 0.000000000000000000e+00 1.000000000000000000e+00 -2.563535223940595742e+00 -5.000198608594754734e-01 1.375915737482259205e-01 1.055593907327194714e+00 -5.559948293994522173e-01 -1.859609571725930333e-01
6.116722164192949229e-01 7.750747691783594906e-01 1.584809317602852152e-01 2.673635071071634936e-02 -5.091503652807175540e-01 5.390099725182336821e-01 -6.709949023030151727e-01 -4.300534818302994416e-02 -6.054940188505246734e-01 3.297383132831985808e-01 7.243270255562146431e-01 -1.051316978967613974e-01 0.000000000000000000e+00 0.000000000000000000e+00 0.000000000000000000e+00 1.000000000000000000e+00 -2.549688890247284956e+00 -5.562508661011722477e-01 1.304708213746932077e-01 1.082337676506764712e+00 -5.695863155446934112e-01 -1.879765797396333038e-01
6.126384624074355800e-01 7.726203847696420102e-01 1.665288543536578847e-01 2.770679471799371296e-02 -5.107524615942483637e-01 5.478090316653767555e-01 -6.625988165463504442e-01 -4.673413830033549404e-02 -6.031633601825834301e-01 3.208784963469968887e-01 7.302266453621324427e-01 -1.100669532474328888e-01 0.000000000000000000e+00 0.000000000000000000e+00 0.000000000000000000e+00 1.000000000000000000e+00 -2.534318164289173225e+00 -6.117953615003519641e-01 1.235438888412982439e-01 1.108871576970154926e+00 -5.826833402920602589e-01 -1.902570700456713559e-01
6.136468186346009102e-01 7.700994704673223001e-01 1.743111915755897190e-01 2.871174396642053872e-02 -5.125246417886925032e-01 5.564306619738256243e-01 -6.539903775221711513e-01 -5.060048097342898649e-02 -6.006297322764229119e-01 3.119803320270480018e-01 7.361468598280395126e-01 -1.150775383130477059e-01 0.000000000000000000e+00 0.000000000000000000e+00 0.000000000000000000e+00 1.000000000000000000e+00 -2.517541912216903821e+00 -6.665585949107148966e-01 1.167705613525319014e-01 1.135185546200902174e+00 -5.952823916389949899e-01 -1.927720283619025754e-01
6.147006447730928302e-01 7.675174861763232048e-01 1.818241724878526533e-01 2.975332520895189112e-02 -5.144591362686459224e-01 5.648695470070677072e-01 -6.451776467907469614e-01 -5.460406544653237382e-02 -5.978920606792369474e-01 3.030500072028297076e-01 7.420820568042771903e-01 -1.201599264818894036e-01 0.000000000000000000e+00 0.000000000000000000e+00 0.000000000000000000e+00 1.000000000000000000e+00 -2.499464043011453640e+00 -7.204558202595774397e-01 1.101153381973973555e-01 1.161269517086710445e+00 -6.073805142169528271e-01 -1.954933726053509346e-01
6.158027772356462481e-01 7.648800324733904255e-01 1.890647494211301904e-01 3.083366583579340986e-02 -5.165479485232630230e-01 5.731209114145849881e-01 -6.361687211319497770e-01 -5.874456300204140141e-02 -5.949497107026805454e-01 2.940934552644590694e-01 7.480266595808439112e-01 -1.253104740639715275e-01 0.000000000000000000e+00 0.000000000000000000e+00 0.000000000000000000e+00 1.000000000000000000e+00 -2.480175707844058053e+00 -7.734112916133526472e-01 1.035469606077045052e-01 1.187113461570049378e+00 -6.189752808744485302e-01 -1.983951606338379969e-01
6.169555480183920304e-01 7.621928162259857809e-01 1.960305249042229025e-01 3.195489049073681198e-02 -5.187829041831935051e-01 5.811804820801210747e-01 -6.269717294838531574e-01 -6.302161395048391790e-02 -5.918024602667584233e-01 2.851164003851985873e-01 7.539751245299383120e-01 -1.305254312964668484e-01 0.000000000000000000e+00 0.000000000000000000e+00 0.000000000000000000e+00 1.000000000000000000e+00 -2.459757193295586397e+00 -8.253573706277148592e-01 9.703798576970434908e-02 1.212707429770559342e+00 -6.300647664138124826e-01 -2.014534236664279609e-01
6.181608042789369373e-01 7.594616198960439934e-01 2.027196882891156571e-01 3.311911735244819216e-02 -5.211556961043830594e-01 5.890444549371738336e-01 -6.175948304062033323e-01 -6.743481574559959113e-02 -5.884504757352256865e-01 2.761243952622332576e-01 7.599219421243371686e-01 -1.358009530837904766e-01 0.000000000000000000e+00 0.000000000000000000e+00 0.000000000000000000e+00 1.000000000000000000e+00 -2.438279550329429224e+00 -8.762337363802458201e-01 9.056440271131618869e-02 1.238041584915241522e+00 -6.406475235067982110e-01 -2.046460108789521226e-01
6.194199284746335632e-01 7.566922740078888543e-01 2.091309607831371709e-01 3.432845413733580375e-02 -5.236579258418559979e-01 5.967094665669030462e-01 -6.080462098005793292e-01 -7.198371218988065812e-02 -5.848942903408294036e-01 2.671228530726012518e-01 7.658616406925088382e-01 -1.411331094870859337e-01 0.000000000000000000e+00 0.000000000000000000e+00 0.000000000000000000e+00 1.000000000000000000e+00 -2.415805995264066919e+00 -9.259866872805279092e-01 8.410528616454940321e-02 1.263106234410340756e+00 -6.507225607349506058e-01 -2.079524450764791699e-01
6.207338589148598818e-01 7.538906323394971576e-01 2.152635477534013964e-01 3.558499387765900329e-02 -5.262811418390940243e-01 6.041725698126426680e-01 -5.983340786643904785e-01 -7.666778369490338807e-02 -5.811347848325371102e-01 2.581170743018529889e-01 7.717887923644826120e-01 -1.465178959757832688e-01 0.000000000000000000e+00 0.000000000000000000e+00 0.000000000000000000e+00 1.000000000000000000e+00 -2.392393114061242887e+00 -9.745685254663771779e-01 7.764248483953958835e-02 1.287891857377847282e+00 -6.602893226461250542e-01 -2.113537892181338584e-01
6.221031106055339155e-01 7.510625494654100676e-01 2.211170973052212774e-01 3.689081052547047573e-02 -5.290168746226636687e-01 6.114312127488736870e-01 -5.884666706963271876e-01 -8.148643856016146714e-02 -5.771731700098757800e-01 2.491122690257272509e-01 7.776980207419008639e-01 -1.519512434517831523e-01 0.000000000000000000e+00 0.000000000000000000e+00 0.000000000000000000e+00 1.000000000000000000e+00 -2.368091896953666620e+00 -1.021937014809143118e+00 7.116034085092387551e-02 1.312389128962531126e+00 -6.693476716829547257e-01 -2.148325234650140525e-01
6.235277962844446575e-01 7.482138603391406129e-01 2.266916642571446816e-01 3.824795442988807720e-02 -5.318566692578184929e-01 6.184832204327659344e-01 -5.784522396068438876e-01 -8.643900523380618206e-02 -5.730109708414018455e-01 2.401135751582172406e-01 7.835840098931983189e-01 -1.574290280546826737e-01 0.000000000000000000e+00 0.000000000000000000e+00 0.000000000000000000e+00 1.000000000000000000e+00 -2.342948626708790005e+00 -1.068054904353197054e+00 6.464543731473655630e-02 1.336588941694671906e+00 -6.778978718178382268e-01 -2.183724323383607613e-01
6.250076475626626937e-01 7.453503616540719801e-01 2.319876787424096365e-01 3.965844773212583857e-02 -5.347921152892508578e-01 6.253267789449533653e-01 -5.682990560190948059e-01 -9.152472551862839145e-02 -5.686500118949405769e-01 2.311260731214286324e-01 7.894415143321321660e-01 -1.629470807543187405e-01 0.000000000000000000e+00 0.000000000000000000e+00 0.000000000000000000e+00 1.000000000000000000e+00 -2.317005640594953952e+00 -1.112889509695385915e+00 5.808637138865006821e-02 1.360482424170913918e+00 -6.859405737185708674e-01 -2.219585015110526194e-01
6.265420361007170147e-01 7.424777947656164834e-01 2.370059187615084217e-01 4.112427971971169272e-02 -5.378148743621972150e-01 6.319604212945993948e-01 -5.580154038738678324e-01 -9.674274868671590977e-02 -5.640924038364527604e-01 2.221547973423882716e-01 7.952653696864419031e-01 -1.685011967347919137e-01 0.000000000000000000e+00 0.000000000000000000e+00 0.000000000000000000e+00 1.000000000000000000e+00 -2.290301983322089008e+00 -1.156412345462501046e+00 5.147355026311482146e-02 1.384060957292293503e+00 -6.934768012662717585e-01 -2.255768237089598727e-01
6.281299947588098176e-01 7.396018299947608732e-01 2.417474860945845183e-01 4.264740217840354286e-02 -5.409167056928214645e-01 6.383830148233838875e-01 -5.476095762768428132e-01 -1.020921264664264583e-01 -5.593405307821092132e-01 2.132047449383877302e-01 8.010505038045789838e-01 -1.740871445720756638e-01 0.000000000000000000e+00 0.000000000000000000e+00 0.000000000000000000e+00 1.000000000000000000e+00 -2.262873965816371236e+00 -1.198598802664048169e+00 4.479900782789472680e-02 1.407316188275435698e+00 -7.005079392505677571e-01 -2.292145131675521474e-01
6.297702386685102294e-01 7.367280521648845726e-01 2.462137850568147934e-01 4.422972477749632925e-02 -5.440894895332442083e-01 6.445937497949822959e-01 -5.370898707483043877e-01 -1.075718088655829990e-01 -5.543970383143339564e-01 2.042808819146263166e-01 8.067919480834007118e-01 -1.797006752053431633e-01 0.000000000000000000e+00 0.000000000000000000e+00 0.000000000000000000e+00 1.000000000000000000e+00 -2.234755642607988868e+00 -1.239427865280971153e+00 3.805623993926397775e-02 1.430240042630907205e+00 -7.070357220743999083e-01 -2.328596280712459110e-01
6.314611861795109693e-01 7.338619472506474617e-01 2.504065036458683058e-01 4.587311052149313506e-02 -5.473252487557176416e-01 6.505921289019493958e-01 -5.264645838545751744e-01 -1.131806407950847471e-01 -5.492648219971899559e-01 1.953881471650575907e-01 8.124848488294885707e-01 -1.853375307002834982e-01 0.000000000000000000e+00 0.000000000000000000e+00 0.000000000000000000e+00 1.000000000000000000e+00 -2.205979218820226961e+00 -1.278881860997059361e+00 3.124005639898377873e-02 1.452824734282193164e+00 -7.130622233110097685e-01 -2.365011003962299019e-01
6.332009796395215995e-01 7.310088900404436707e-01 2.543275966889760320e-01 4.757937129849085928e-02 -5.506161686621896534e-01 6.563779574615632439e-01 -5.157420052171952651e-01 -1.189173594574050447e-01 -5.439470162495251282e-01 1.865314545387494471e-01 8.181244784922243607e-01 -1.909934528009558652e-01 0.000000000000000000e+00 0.000000000000000000e+00 0.000000000000000000e+00 1.000000000000000000e+00 -2.176575396208269897e+00 -1.316946241488251568e+00 2.434644792816649875e-02 1.475062773980055253e+00 -7.185898459676431926e-01 -2.401286725800022837e-01
6.349875059685367029e-01 7.281741327329676050e-01 2.579792706489738019e-01 4.935026355309964780e-02 -5.539546151097477500e-01 6.619513341069036549e-01 -5.049304109105006155e-01 -1.247805924646958053e-01 -5.384469834557790158e-01 1.777156932091363273e-01 8.237062466286887430e-01 -1.966641912651678481e-01 0.000000000000000000e+00 0.000000000000000000e+00 0.000000000000000000e+00 1.000000000000000000e+00 -2.146573666373980060e+00 -1.353609388156487681e+00 1.737246657814108669e-02 1.496946976150252295e+00 -7.236213133235207540e-01 -2.437328404508626312e-01
6.368184169908572834e-01 7.253627944043290476e-01 2.613639697946705254e-01 5.118748410926730885e-02 -5.573331510290396862e-01 6.673126418099140089e-01 -4.940380562709577594e-01 -1.307688566514257911e-01 -5.327683032143024633e-01 1.689457265617455572e-01 8.292257104794845679e-01 -2.023455119769778932e-01 0.000000000000000000e+00 0.000000000000000000e+00 0.000000000000000000e+00 1.000000000000000000e+00 -2.116002558149045587e+00 -1.388862439630271339e+00 1.031611816726210953e-02 1.518470464297827061e+00 -7.281596602230956394e-01 -2.473048018665949255e-01
6.386911494896208019e-01 7.225798512953058861e-01 2.644843634817308220e-01 5.309266616600746835e-02 -5.607445514015881871e-01 6.724625390999918739e-01 -4.830731681525778920e-01 -1.368805575466409685e-01 -5.269147616414844304e-01 1.602263897968581319e-01 8.346785850512679072e-01 -2.080332048287299174e-01 0.000000000000000000e+00 0.000000000000000000e+00 0.000000000000000000e+00 1.000000000000000000e+00 -2.084889845167708256e+00 -1.422699137755272902e+00 3.176265467995161018e-03 1.539626675078345386e+00 -7.322082247191261661e-01 -2.508364105322276050e-01
6.406029449494377026e-01 7.198301278791031654e-01 2.673433343265433360e-01 5.506737548672514110e-02 -5.641818167527749006e-01 6.774019513652722591e-01 -4.720439366721056462e-01 -1.431139894710507510e-01 -5.208903406669566083e-01 1.515624864267164362e-01 8.400607526165442263e-01 -2.137230913640388585e-01 0.000000000000000000e+00 0.000000000000000000e+00 0.000000000000000000e+00 1.000000000000000000e+00 -2.053262718819373944e+00 -1.455115689166926574e+00 -4.047459006754420587e-03 1.560409361135518536e+00 -7.357706399733205949e-01 -2.543201344909185591e-01
6.425508689532350992e-01 7.171182886787111910e-01 2.699439670877997743e-01 5.711310680058873102e-02 -5.676381852100005343e-01 6.821320621446216315e-01 -4.609585064955901146e-01 -1.494673362242192050e-01 -5.146992072706859656e-01 1.429587838319656135e-01 8.453682715545208781e-01 -2.194110321723679868e-01 0.000000000000000000e+00 0.000000000000000000e+00 0.000000000000000000e+00 1.000000000000000000e+00 -2.021147931061358705e+00 -1.486110639875038331e+00 -1.135473165454894788e-02 1.580812592795425742e+00 -7.388508263350401783e-01 -2.577490188087240841e-01
6.445318301997320365e-01 7.144488308099037344e-01 2.722895380991909309e-01 5.923128043220781541e-02 -5.711071431699513701e-01 6.866543043368092958e-01 -4.498249677245020894e-01 -1.559386723271850017e-01 -5.083457026269111445e-01 1.344200080287099031e-01 8.505973844688055063e-01 -2.250929340252757760e-01 0.000000000000000000e+00 0.000000000000000000e+00 0.000000000000000000e+00 1.000000000000000000e+00 -1.988571910965888367e+00 -1.515684760599933067e+00 -1.874460880294798182e-02 1.600830758699914425e+00 -7.414529835306163941e-01 -2.611166520024589821e-01
6.465425991082570656e-01 7.118260772313222962e-01 2.743835051221292232e-01 6.142323917373732067e-02 -5.745824346148410422e-01 6.909703512696606653e-01 -4.386513464448531519e-01 -1.625259647858602885e-01 -5.018343311326736167e-01 1.259508377856146111e-01 8.557445255287300379e-01 -2.307647567440615777e-01 0.000000000000000000e+00 0.000000000000000000e+00 0.000000000000000000e+00 1.000000000000000000e+00 -1.955560858358556642e+00 -1.543840940882640789e+00 -2.621559093279538649e-02 1.620458565455524136e+00 -7.435815829071421579e-01 -2.644171357893662089e-01
6.485798259779701480e-01 7.092541706871708929e-01 2.762294975100790806e-01 6.369024541143837592e-02 -5.780580691147799710e-01 6.950821075864812570e-01 -4.274455950068823951e-01 -1.692270753405791528e-01 -4.951697493101703818e-01 1.175558982196622804e-01 8.608063269912601401e-01 -2.364225197884042007e-01 0.000000000000000000e+00 0.000000000000000000e+00 0.000000000000000000e+00 1.000000000000000000e+00 -1.922140817465043616e+00 -1.570584090249984133e+00 -3.376568085240951034e-02 1.639691036369274268e+00 -7.452413596850716582e-01 -2.676450577673407105e-01
6.506400586690584964e-01 7.067370683309781576e-01 2.778313065962133011e-01 6.603347851668418811e-02 -5.815283285518745293e-01 6.989916999198760861e-01 -4.162155821058697303e-01 -1.760397631671991037e-01 -4.883567545823651601e-01 1.092397539892832892e-01 8.657796248699546338e-01 -2.420623085556581899e-01 0.000000000000000000e+00 0.000000000000000000e+00 0.000000000000000000e+00 1.000000000000000000e+00 -1.888337733107909866e+00 -1.595921044951014833e+00 -4.139243648953616628e-02 1.658523509338692081e+00 -7.464373051835675454e-01 -2.707954666645367992e-01
6.527197597741963842e-01 7.042785370208322071e-01 2.791928762339694337e-01 6.845403250940601536e-02 -5.849877726011153412e-01 7.027014673344579299e-01 -4.049690827365826640e-01 -1.829616879952158659e-01 -4.814002739302687406e-01 1.010069021944594164e-01 8.706614637263725420e-01 -2.476802803807420517e-01 0.000000000000000000e+00 0.000000000000000000e+00 0.000000000000000000e+00 1.000000000000000000e+00 -1.854177491676179956e+00 -1.619860478995782005e+00 -4.909301889480684883e-02 1.676951633960372057e+00 -7.471746589912566794e-01 -2.738638498269701516e-01
6.548153232495492748e-01 7.018821492776043947e-01 2.803182934358822709e-01 7.095291400003300719e-02 -5.884312430034133179e-01 7.062139515299817871e-01 -3.937137680948197827e-01 -1.899904136084508977e-01 -4.743053524480941308e-01 9.286176508490638637e-02 8.754491005677645932e-01 -2.532726702270100549e-01 0.000000000000000000e+00 0.000000000000000000e+00 0.000000000000000000e+00 1.000000000000000000e+00 -1.819685948818914989e+00 -1.642412818422455789e+00 -5.686423598398942375e-02 1.694971367918965521e+00 -7.474589010629000274e-01 -2.768461126419158869e-01
6.569230904758751599e-01 6.995512798980769720e-01 2.812117790700048303e-01 7.353104041409340430e-02 -5.918538666671349091e-01 7.095318868052877814e-01 -3.824571954995442669e-01 -1.971234116940252801e-01 -4.670771418191400071e-01 8.480868266945927603e-02 8.801400078428761597e-01 -2.588357960591303186e-01 0.000000000000000000e+00 0.000000000000000000e+00 0.000000000000000000e+00 1.000000000000000000e+00 -1.784888945582879360e+00 -1.663590157895843413e+00 -6.470258248605122164e-02 1.712578972716668035e+00 -7.472957437294623917e-01 -2.797385596232643268e-01
6.590393657218608370e-01 6.972891032146968371e-01 2.818776785854703593e-01 7.618923850181887059e-02 -5.952510576360270367e-01 7.126581897911827834e-01 -3.712067984082610961e-01 -2.043580660055567821e-01 -4.597208887408154587e-01 7.685190531221931798e-02 8.847318755352538977e-01 -2.643660638897848969e-01 0.000000000000000000e+00 0.000000000000000000e+00 0.000000000000000000e+00 1.000000000000000000e+00 -1.749812314517551259e+00 -1.683406178900607619e+00 -7.260427650951804812e-02 1.729771008801840537e+00 -7.466911236152117270e-01 -2.825378769123538802e-01
6.611604309837131321e-01 6.950985909929892070e-01 2.823204527494371230e-01 7.892824313333363095e-02 -5.986185179633753961e-01 7.155959489671268603e-01 -3.599698765966434788e-01 -2.116916768068211052e-01 -4.522419233317328535e-01 6.899558639379446690e-02 8.892226123606031818e-01 -2.698599724929421906e-01 0.000000000000000000e+00 0.000000000000000000e+00 0.000000000000000000e+00 1.000000000000000000e+00 -1.714481877102770779e+00 -1.701876068937221209e+00 -8.056529309038761022e-02 1.746544330154248037e+00 -7.456511934608178738e-01 -2.852411159740082525e-01
6.632825601772088797e-01 6.929825109565829200e-01 2.825446683869256570e-01 8.174869637832232749e-02 -6.019522375344775744e-01 7.183484139823896886e-01 -3.487535865710213456e-01 -2.191214655625127461e-01 -4.446456475573197231e-01 6.124377510901941185e-02 8.936103460814824873e-01 -2.753141177775149107e-01 0.000000000000000000e+00 0.000000000000000000e+00 0.000000000000000000e+00 1.000000000000000000e+00 -1.678923433710650670e+00 -1.719016441258921946e+00 -8.858139504054264590e-02 1.762896078383420440e+00 -7.441823138559979789e-01 -2.878456782924605495e-01
6.654020326608593994e-01 6.909434259284061852e-01 2.825549891230186295e-01 8.465114686746111339e-02 -6.052484928819225063e-01 7.209189848072674600e-01 -3.375649322792729223e-01 -2.266445798432343561e-01 -4.369375237129884404e-01 5.360040946582837751e-02 8.978934229589335958e-01 -2.807251968163864131e-01 0.000000000000000000e+00 0.000000000000000000e+00 0.000000000000000000e+00 1.000000000000000000e+00 -1.643162747190048956e+00 -1.734845254804633585e+00 -9.664816137583397138e-02 1.778823676395725917e+00 -7.422910448891082424e-01 -2.903493008954691756e-01
6.675151460715508245e-01 6.889836935749787949e-01 2.823561661336478901e-01 8.763604943137284775e-02 -6.085038450406432542e-01 7.233112007440564151e-01 -3.264107561819767911e-01 -2.342580984124413845e-01 -4.291230630056137585e-01 4.606930954344299473e-02 9.020704063665159200e-01 -2.860900115270480493e-01 0.000000000000000000e+00 0.000000000000000000e+00 0.000000000000000000e+00 1.000000000000000000e+00 -1.607225521055517969e+00 -1.749381734086840723e+00 -1.047610135674217902e-01 1.794324821684821991e+00 -7.399841377242621920e-01 -2.927500425571631926e-01
6.696182284569386356e-01 6.871054667389386861e-01 2.819530289168400428e-01 9.070376501143470604e-02 -6.117151364921569190e-01 7.255287293308199104e-01 -3.152977307414590591e-01 -2.419590364637749236e-01 -4.212078142749615117e-01 3.865417106170770944e-02 9.061400745976180282e-01 -2.914054720014180311e-01 0.000000000000000000e+00 0.000000000000000000e+00 0.000000000000000000e+00 1.000000000000000000e+00 -1.571137373170306883e+00 -1.762646288885551193e+00 -1.129152398282437936e-01 1.809397479299147404e+00 -7.372685261191073147e-01 -2.950462705509614980e-01
6.717076496919694995e-01 6.853106943430421483e-01 2.813504761009105737e-01 9.385456083543235184e-02 -6.148794872497386210e-01 7.275753551736013902e-01 -3.042323503816803942e-01 -2.497443509780318260e-01 -4.131973528968532205e-01 3.135855930724382179e-02 9.101014179018375172e-01 -2.966685994837920393e-01 0.000000000000000000e+00 0.000000000000000000e+00 0.000000000000000000e+00 1.000000000000000000e+00 -1.534923805732225421e+00 -1.774660433680458338e+00 -1.211060176183199888e-01 1.824039874538984973e+00 -7.341513178983628540e-01 -2.972366478432662551e-01
6.737798321701371496e-01 6.836011228469454082e-01 2.805534663097746240e-01 9.708861084982371714e-02 -6.179942901384269938e-01 7.294549687446766351e-01 -2.932209239668267520e-01 -2.576109461699460645e-01 -4.050972699093031149e-01 2.418590345609785211e-02 9.139536347906332958e-01 -3.018765289972858423e-01 0.000000000000000000e+00 0.000000000000000000e+00 0.000000000000000000e+00 1.000000000000000000e+00 -1.498610172299888355e+00 -1.785446706823890395e+00 -1.293284345277195269e-01 1.838250485434316461e+00 -7.306397863996679787e-01 -2.993201206365314060e-01
