4.699166750129188941e-01 4.995256548383430473e-01 7.277722437020578417e-01 0.000000000000000000e+00 -8.818296638824330014e-01 2.288311408369392286e-01 4.123260274106646528e-01 0.000000000000000000e+00 3.943047605340388451e-02 -8.355300288688549681e-01 5.480281091482557265e-01 0.000000000000000000e+00 0.000000000000000000e+00 0.000000000000000000e+00 0.000000000000000000e+00 1.000000000000000000e+00 3.515103775896560867e-01 2.689534925456712466e-01 -2.305719529648975197e-01 -7.396395669843836007e-02 3.994823176019380861e-01 -5.415791868304860035e-01
4.685340676304648455e-01 5.015087906901946058e-01 7.272996359989322146e-01 -1.028842003286412239e-03 -8.825673073092275001e-01 2.290133083929714874e-01 4.106432184571894850e-01 -2.669344937656341495e-04 3.937988795116180440e-02 -8.342912188349955738e-01 5.499157998818180459e-01 -3.198825005348487904e-03 0.000000000000000000e+00 0.000000000000000000e+00 0.000000000000000000e+00 1.000000000000000000e+00 5.272791806477273857e-01 2.660220617932708698e-01 -9.688943716958622887e-02 -7.539112804315659111e-02 4.383911564167016217e-01 -5.042982062531647935e-01
4.674965967517860088e-01 5.038122249627809968e-01 7.263746790771528072e-01 -1.823009913914032994e-03 -8.831440010489991499e-01 2.301387089014658716e-01 4.087699212302025042e-01 -4.019941201109578826e-04 3.877635246167374788e-02 -8.325919873543565775e-01 5.525278072486098369e-01 -6.460351517176641384e-03 0.000000000000000000e+00 0.000000000000000000e+00 0.000000000000000000e+00 1.000000000000000000e+00 7.011654382037215694e-01 2.633147906156074747e-01 3.653431029587778101e-02 -7.658181889336400372e-02 4.768561606716687495e-01 -4.679813825263616778e-01
4.668060901348809466e-01 5.064282034807036093e-01 7.249983100338898145e-01 -2.384322221931467912e-03 -8.835591114393245293e-01 2.321993122230431306e-01 4.067023194219420712e-01 -4.066346986620371969e-04 3.762141566377103646e-02 -8.304299821511907931e-01 5.558513064197766473e-01 -9.784421018314984689e-03 0.000000000000000000e+00 0.000000000000000000e+00 0.000000000000000000e+00 1.000000000000000000e+00 8.731908327873143527e-01 2.609983673105006896e-01 1.696995778016122947e-01 -7.745563809182670623e-02 5.149216337572432023e-01 -4.327149054722244093e-01
4.664643821066651319e-01 5.093472145759908587e-01 7.231710697195878890e-01 -2.714703773962168828e-03 -8.838104668198406566e-01 2.351863378167760588e-01 4.044334878130809718e-01 -2.823483087657528484e-04 3.591711449791101796e-02 -8.277999776535895915e-01 5.598724490509073837e-01 -1.317063406209599032e-02 0.000000000000000000e+00 0.000000000000000000e+00 0.000000000000000000e+00 1.000000000000000000e+00 1.043376219356934476e+00 2.592346208712119071e-01 3.026067154452342645e-01 -7.793313512850438829e-02 5.526268900435182818e-01 -3.985815311276829642e-01
4.664733139401016637e-01 5.125580080737150990e-01 7.208931521605309589e-01 -2.816181262723988030e-03 -8.838943654368371927e-01 2.390902221349326118e-01 4.019535015815863255e-01 -3.066350024040416814e-05 3.366598157852480205e-02 -8.246939771145871401e-01 5.645763432911747870e-01 -1.661835586110860588e-02 0.000000000000000000e+00 0.000000000000000000e+00 0.000000000000000000e+00 1.000000000000000000e+00 1.211741316380955613e+00 2.581806209375975270e-01 4.352561537837981165e-01 -7.793583485317519266e-02 5.900057244902691123e-01 -3.656607142194243654e-01
4.668347316052512408e-01 5.160476114591833197e-01 7.181644640442960137e-01 -2.690879076158841574e-03 -8.838055847378548657e-01 2.439005687242838949e-01 3.992495487071762716e-01 3.468534552451719576e-04 3.087105397118994690e-02 -8.211013198633313470e-01 5.699470172070234542e-01 -2.012672195316003027e-02 0.000000000000000000e+00 0.000000000000000000e+00 0.000000000000000000e+00 1.000000000000000000e+00 1.378304413257750882e+00 2.579887739062630692e-01 5.676484212558301490e-01 -7.738627567596084722e-02 6.270859123694769721e-01 -3.340287013440516595e-01
4.675504808518926581e-01 5.198013437514932278e-01 7.149846938862660650e-01 -2.341015494838877015e-03 -8.835373920157908456e-01 2.496060821426293042e-01 3.963060458961751298e-01 8.485963216223802764e-04 2.753588600569003772e-02 -8.170087939129766497e-01 5.759673669421112585e-01 -2.369464393419285289e-02 0.000000000000000000e+00 0.000000000000000000e+00 0.000000000000000000e+00 1.000000000000000000e+00 1.543082093555774970e+00 2.588069144705655855e-01 6.997841603478631711e-01 -7.620805276046345444e-02 6.638887383293557987e-01 -3.037585816417806006e-01
4.686223995818685761e-01 5.238028276725669174e-01 7.113533905200895013e-01 -1.768899224388562844e-03 -8.830815563696020609e-01 2.561944868039453538e-01 3.931047585986872650e-01 1.472915711148600065e-03 2.366456618807817949e-02 -8.124007542639479773e-01 5.826190909585843292e-01 -2.732081525633469829e-02 0.000000000000000000e+00 0.000000000000000000e+00 0.000000000000000000e+00 1.000000000000000000e+00 1.706088973575809131e+00 2.607783919198499167e-01 8.316641425551426492e-01 -7.432586769945119520e-02 7.004285544325418167e-01 -2.749202922042542907e-01
4.700523074679432423e-01 5.280340007602029040e-01 7.072700505716781327e-01 -9.769262479634721608e-04 -8.824283619601643869e-01 2.636524318764177921e-01 3.896249258194285914e-01 2.218114995844173813e-03 1.926173826804966280e-02 -8.072592473375921340e-01 5.898826117321682716e-01 -3.100371709730395317e-02 0.000000000000000000e+00 0.000000000000000000e+00 0.000000000000000000e+00 1.000000000000000000e+00 1.867337455760409881e+00 2.640421505833943083e-01 9.632892821810786765e-01 -7.166558614496237878e-02 7.367123672220157182e-01 -2.475805758951935553e-01
4.718419927726868468e-01 5.324751261284993431e-01 7.027342145844526211e-01 3.242301771807392687e-05 -8.815666225550415902e-01 2.719653833756018324e-01 3.858433905355391214e-01 3.082445358177080940e-03 1.433262651233443638e-02 -8.015641420561209207e-01 5.977369863061239297e-01 -3.474162431511373245e-02 0.000000000000000000e+00 0.000000000000000000e+00 0.000000000000000000e+00 1.000000000000000000e+00 2.026837496500256020e+00 2.687328038582539325e-01 1.094660649014641107e+00 -6.815430484488219087e-02 7.727394543009301620e-01 -2.218028896930999971e-01
4.739931963157346106e-01 5.371048036293337713e-01 6.977455714625554473e-01 1.256586280757541856e-03 -8.804836973747667273e-01 2.811175046208551076e-01 3.817347366293994404e-01 4.064100018841066038e-03 8.883065230419880109e-03 -7.952932681502619117e-01 6.061598071477023453e-01 -3.853261150945831714e-02 0.000000000000000000e+00 0.000000000000000000e+00 0.000000000000000000e+00 1.000000000000000000e+00 2.184596387913282811e+00 2.749807013116051246e-01 1.225779479919310688e+00 -6.372042951785920895e-02 8.085010113515103125e-01 -1.976472620945051162e-01
4.765075925307459270e-01 5.418999822144708878e-01 6.923040708882544081e-01 2.692921666291994698e-03 -8.791655082757010575e-01 2.910915262575470841e-01 3.772714333219050475e-01 5.161207677089639685e-03 2.919532595585797551e-03 -7.884225623261663651e-01 6.151270947959305291e-01 -4.237455921837819661e-02 0.000000000000000000e+00 0.000000000000000000e+00 0.000000000000000000e+00 1.000000000000000000e+00 2.340618553200041863e+00 2.829119883973968408e-01 1.356647189361472661e+00 -5.829376497904332349e-02 8.439798309583871339e-01 -1.751700985505953156e-01
4.793867675445903642e-01 5.468359743392118277e-01 6.864100433494132458e-01 4.338709763470745447e-03 -8.775965583306274409e-01 3.018686070906819174e-01 3.724239881516919759e-01 6.371825197109879865e-03 -3.550811198243488537e-03 -7.809262229578005643e-01 6.246131838417098292e-01 -4.626516028582012413e-02 0.000000000000000000e+00 0.000000000000000000e+00 0.000000000000000000e+00 1.000000000000000000e+00 2.494905355207452047e+00 2.926486583741972902e-01 1.487265378900336277e+00 -5.180561891148559306e-02 8.791500150379385481e-01 -1.544239343554912602e-01
4.826321942008239274e-01 5.518864732850820021e-01 6.800643273824604762e-01 6.191155449749188681e-03 -8.757599518980236919e-01 3.134281870275666404e-01 3.671611095882029718e-01 7.693929572444503651e-03 -1.052008140526347960e-02 -7.727768739901148543e-01 6.345906038403812399e-01 -5.020192644256595005e-02 0.000000000000000000e+00 0.000000000000000000e+00 0.000000000000000000e+00 1.000000000000000000e+00 2.647454917862854806e+00 3.043085960561813241e-01 1.617635845655645443e+00 -4.418892066282816694e-02 9.139767231022275507e-01 -1.354571348667438779e-01
4.862340328081571905e-01 5.570271753860949193e-01 6.732734921081597879e-01 8.245156964066524541e-03 -8.736436107571595722e-01 3.257413863706931645e-01 3.614407182495369408e-01 9.124205748486586762e-03 -1.798074062941831461e-02 -7.639458620802485056e-01 6.450297795635181464e-01 -5.418429669951284333e-02 0.000000000000000000e+00 0.000000000000000000e+00 0.000000000000000000e+00 1.000000000000000000e+00 2.798250296014049177e+00 3.221999162030402819e-01 1.744826993530620207e+00 -3.538289282030514238e-02 9.484066468134392247e-01 -1.196292182439284701e-01
4.901514852095189001e-01 5.622425978704111982e-01 6.660591467037758617e-01 1.048942948836531670e-02 -8.712515364104812532e-01 3.387592702505164977e-01 3.551941995225562088e-01 1.065597232589189820e-02 -2.592840337341240781e-02 -7.544040186644935808e-01 6.558980854225814339e-01 -5.821752813619718997e-02 0.000000000000000000e+00 0.000000000000000000e+00 0.000000000000000000e+00 1.000000000000000000e+00 2.947234118746313136e+00 3.538771140152540684e-01 1.863589383589159709e+00 -2.534318271256211230e-02 9.823490755347937808e-01 -1.093248447825447139e-01
4.943309783390058554e-01 5.675212370573962106e-01 6.584500997052515903e-01 1.291016660102269412e-02 -8.685943753145214385e-01 3.524226079267672174e-01 3.483419567966422603e-01 1.228117167752675563e-02 -3.436124556269239821e-02 -7.441222726466993898e-01 6.671591656416615557e-01 -6.230954557825066353e-02 0.000000000000000000e+00 0.000000000000000000e+00 0.000000000000000000e+00 1.000000000000000000e+00 3.094322067185231617e+00 3.969069355996455162e-01 1.975575339709255696e+00 -1.403675266055312391e-02 1.015687823014499225e+00 -1.038100266272199146e-01
4.987503913380700871e-01 5.728016528136120611e-01 6.504969779406115649e-01 1.548619545641490014e-02 -8.656633122948989012e-01 3.666897884360534321e-01 3.408307953857159789e-01 1.398784868044630411e-02 -4.330215883806916299e-02 -7.331008604564688280e-01 6.787400501877747239e-01 -6.647626646054302646e-02 0.000000000000000000e+00 0.000000000000000000e+00 0.000000000000000000e+00 1.000000000000000000e+00 3.221399862945460768e+00 4.493022329195192621e-01 2.095549917969109721e+00 -1.388644536695165382e-03 1.048260898478375447e+00 -1.084364863676679502e-01
5.034151595962587100e-01 5.779758325130852636e-01 6.422749558241074297e-01 1.818890218922149943e-02 -8.624300793317210001e-01 3.815358985248202828e-01 3.326330090125789174e-01 1.576020013484454377e-02 -5.279711465996881486e-02 -7.213697397394996935e-01 6.905346969228022269e-01 -7.074224124389258406e-02 0.000000000000000000e+00 0.000000000000000000e+00 0.000000000000000000e+00 1.000000000000000000e+00 3.328880600564530834e+00 5.098668872448861578e-01 2.224060233603594394e+00 1.272523408847424896e-02 1.079855722265757878e+00 -1.225562954256219778e-01
5.083352495829753792e-01 5.829394578300434171e-01 6.338587124678378704e-01 2.099230711850318121e-02 -8.588599069100107952e-01 3.969376603144548765e-01 3.237285227069417459e-01 1.758397528497953818e-02 -6.288826741274636256e-02 -7.089584534880556399e-01 7.024407316470968610e-01 -7.513074634742375468e-02 0.000000000000000000e+00 0.000000000000000000e+00 0.000000000000000000e+00 1.000000000000000000e+00 3.417768973053137760e+00 5.776612189083433213e-01 2.361026382917474464e+00 2.843889220149067171e-02 1.110252934009357206e+00 -1.453862136972875474e-01
5.135232307193888790e-01 5.875930185493980495e-01 6.253225894925016348e-01 2.387294094793173185e-02 -8.549122589927766747e-01 4.128725998947854192e-01 3.141038808651060443e-01 1.944643010241111497e-02 -7.361331844422147608e-02 -6.958955865799537621e-01 7.143601447150441652e-01 -7.966381214326297144e-02 0.000000000000000000e+00 0.000000000000000000e+00 0.000000000000000000e+00 1.000000000000000000e+00 3.488740233776834732e+00 6.519384116237032512e-01 2.506462168051678319e+00 4.589497600657423126e-02 1.139231779648170351e+00 -1.762971151158322092e-01
5.189934720031881277e-01 5.918405843099827646e-01 6.167418452113786476e-01 2.680929154175157314e-02 -8.505408539793936074e-01 4.293190033155934171e-01 3.037522862699428283e-01 2.133606563586813720e-02 -8.500606634421031815e-02 -6.822095886992012304e-01 7.261983545635056769e-01 -8.436271433160805189e-02 0.000000000000000000e+00 0.000000000000000000e+00 0.000000000000000000e+00 1.000000000000000000e+00 3.542178566822285379e+00 7.321173839167206543e-01 2.660462721259932550e+00 6.524516481425925163e-02 1.166572428788352989e+00 -2.147923817898579057e-01
5.247613649132579772e-01 5.955887039716821763e-01 6.081937276813816906e-01 2.978132420628928217e-02 -8.456936278940211382e-01 4.462559130984701250e-01 2.926737946982584382e-01 2.324241760007472041e-02 -9.709684385593569944e-02 -6.679294593017456316e-01 7.378634322462699346e-01 -8.924842185704066899e-02 0.000000000000000000e+00 0.000000000000000000e+00 0.000000000000000000e+00 1.000000000000000000e+00 3.578205592220379039e+00 8.177562457278776398e-01 2.823198702124165571e+00 8.665033803518892852e-02 1.192057695040267040e+00 -2.604898953706988318e-01
5.308425675530937804e-01 5.987453926032826335e-01 5.997583913549485723e-01 3.277006243030618909e-02 -8.403126386545807236e-01 4.636631632682385873e-01 2.808756713057365406e-01 2.515589136325910302e-02 -1.099128614686996075e-01 -6.530853181914586525e-01 7.492654631659403375e-01 -9.434201122940505391e-02 0.000000000000000000e+00 0.000000000000000000e+00 0.000000000000000000e+00 1.000000000000000000e+00 3.596702233031043860e+00 9.085300431794411935e-01 2.994912002203560242e+00 1.102806470331749444e-01 1.215474448285913445e+00 -3.131077406631284088e-01
5.372522614389356743e-01 6.012191690914617803e-01 5.915196723965097103e-01 3.575721740928770181e-02 -8.343339103915475841e-01 4.815214493727278389e-01 2.683729163317616906e-01 2.706763771057519100e-02 -1.234784708279710597e-01 -6.377088768037624256e-01 7.603160262837059813e-01 -9.966505482889517764e-02 0.000000000000000000e+00 0.000000000000000000e+00 0.000000000000000000e+00 1.000000000000000000e+00 3.597323448717771210e+00 1.004208112749698012e+00 3.175916478167000179e+00 1.363155838191961178e-01 1.236614936910716889e+00 -3.724523675647630760e-01
5.440045011481396964e-01 6.029180375146138138e-01 5.835657178921231925e-01 3.872486027421290222e-02 -8.276871572831984158e-01 4.998124855291537494e-01 2.551890505675521448e-01 2.896946771182281818e-02 -1.378153529550507073e-01 -6.218338415002929720e-01 7.709277567095939032e-01 -1.052399831374206118e-01 0.000000000000000000e+00 0.000000000000000000e+00 0.000000000000000000e+00 1.000000000000000000e+00 3.579490813420104889e+00 1.104606153313240746e+00 3.366632309370085174e+00 1.649441750311903265e-01 1.255278224755141725e+00 -4.384064531520557306e-01
5.511114230178132400e-01 6.037485199858768636e-01 5.759895208238215991e-01 4.165510854156776605e-02 -8.202955218819144578e-01 5.185191083502777021e-01 2.413569840165450953e-01 3.085379524085245934e-02 -1.529426534465096743e-01 -6.054962146769312659e-01 7.810140092505275522e-01 -1.110904493938612847e-01 0.000000000000000000e+00 0.000000000000000000e+00 0.000000000000000000e+00 1.000000000000000000e+00 3.542427570473418719e+00 1.209638357858744406e+00 3.567518243090110897e+00 1.963652122373181763e-01 1.271271772200801342e+00 -5.109342345790874873e-01
5.585770737255695284e-01 6.036263022208694373e-01 5.688821879065930620e-01 4.453206188892640249e-02 -8.120800096571129112e-01 5.376208982440254802e-01 2.269137072061120641e-01 3.271453130370276241e-02 -1.688718734319695214e-01 -5.887266463423221907e-01 7.904955597602373318e-01 -1.172386332064828812e-01 0.000000000000000000e+00 0.000000000000000000e+00 0.000000000000000000e+00 1.000000000000000000e+00 3.489848666009662370e+00 1.319292839066881662e+00 3.775606974750736811e+00 2.307713933645409443e-01 1.284422175180746750e+00 -5.885266450715475051e-01
5.663810624029473884e-01 6.025109364170561088e-01 5.623104720814278146e-01 4.734840935345168561e-02 -8.029746604198427784e-01 5.570800777653706071e-01 2.118808266210764069e-01 3.454968032981207970e-02 -1.855914488477741764e-01 -5.715263471437114218e-01 7.993206192068488258e-01 -1.236957635733045291e-01 0.000000000000000000e+00 0.000000000000000000e+00 0.000000000000000000e+00 1.000000000000000000e+00 3.435197920753584544e+00 1.433493318484176271e+00 3.980727896939397326e+00 2.682959739233477525e-01 1.294599184305963213e+00 -6.664591759175239050e-01
5.744850524815771076e-01 6.003952266056072906e-01 5.563205004993239111e-01 5.010355930630264187e-02 -7.929242513395453607e-01 5.768445672278412761e-01 1.962688974465834901e-01 3.636023469165518968e-02 -2.030715518011585174e-01 -5.538735632548725807e-01 8.074565154638959630e-01 -1.304639841798469202e-01 0.000000000000000000e+00 0.000000000000000000e+00 0.000000000000000000e+00 1.000000000000000000e+00 3.378274779231924096e+00 1.551573859317932236e+00 4.183216358922616784e+00 3.090180518197519488e-01 1.301698728721988996e+00 -7.444068314217140436e-01
5.828491128817750999e-01 5.972712983744523640e-01 5.509572671272836564e-01 5.279724448614910720e-02 -7.818712366675721892e-01 5.968608370272671104e-01 1.800958464766046208e-01 3.814743924673952291e-02 -2.212787382067076536e-01 -5.357463431423927780e-01 8.148690565870678748e-01 -1.375448990048714626e-01 0.000000000000000000e+00 0.000000000000000000e+00 0.000000000000000000e+00 1.000000000000000000e+00 3.318882449692249548e+00 1.673016214123961509e+00 4.383306062967566419e+00 3.530054727833886741e-01 1.305614405069329242e+00 -8.220828084166023064e-01
5.914308049219751950e-01 5.931309971907887668e-01 5.462647939244116291e-01 5.542937198817402683e-02 -7.697565587903012485e-01 6.170734668580627469e-01 1.633865978288897847e-01 3.991272005855110022e-02 -2.401758571945679099e-01 -5.171227739611178320e-01 8.215227311700822321e-01 -1.449397435806338563e-01 0.000000000000000000e+00 0.000000000000000000e+00 0.000000000000000000e+00 1.000000000000000000e+00 3.256827580346072892e+00 1.797445811937364857e+00 4.581129839690153638e+00 4.003131061489562104e-01 1.306236968171910373e+00 -8.992379134531188756e-01
6.001844684358187410e-01 5.879662517002149924e-01 5.422861717384187541e-01 5.799990879754474832e-02 -7.565203954752141025e-01 6.374248116903943329e-01 1.461728584833718592e-01 4.165763442014520923e-02 -2.597219559395296806e-01 -4.979812273467186801e-01 8.273809318619208542e-01 -1.526495213656760275e-01 0.000000000000000000e+00 0.000000000000000000e+00 0.000000000000000000e+00 1.000000000000000000e+00 3.191920020742679220e+00 1.924564394658492272e+00 4.776764860527922707e+00 4.509813054229889207e-01 1.303454152038020952e+00 -9.756401423368358250e-01
6.090608028854619382e-01 5.817693486769822675e-01 5.390634137717578156e-01 6.050881841471222183e-02 -7.421027820935451880e-01 6.578548327479447622e-01 1.284931280643546447e-01 4.338384412474570462e-02 -2.798721112951341738e-01 -4.783005856383319432e-01 8.324062438310175782e-01 -1.606750749576836834e-01 0.000000000000000000e+00 0.000000000000000000e+00 0.000000000000000000e+00 1.000000000000000000e+00 3.123973057690759614e+00 2.054104652283986976e+00 4.970263228395585209e+00 5.050344033717326653e-01 1.297150861189440008e+00 -1.051061136670475626e+00
6.180065423383108714e-01 5.745331933769024513e-01 5.366372363446645366e-01 6.295601156436665680e-02 -7.264442316070551797e-01 6.783009818259634338e-01 1.103927568584640861e-01 4.509309733916194718e-02 -3.005772640728272549e-01 -4.580604695147332261e-01 8.365607678932356350e-01 -1.690171418089459476e-01 0.000000000000000000e+00 0.000000000000000000e+00 0.000000000000000000e+00 1.000000000000000000e+00 3.052803721995389630e+00 2.185845311885729281e+00 5.161640788712186456e+00 5.624792526222581746e-01 1.287209533628261626e+00 -1.125281623014405152e+00
6.269641149543047076e-01 5.662516048862387130e-01 5.350468371570761272e-01 6.534129012825208582e-02 -7.094864224141410602e-01 6.986980799812688714e-01 9.192395770499542373e-02 4.678721315725846430e-02 -3.217841122496947204e-01 -4.372414877750912532e-01 8.398064481874030207e-01 -1.776764239962610736e-01 0.000000000000000000e+00 0.000000000000000000e+00 0.000000000000000000e+00 1.000000000000000000e+00 2.978232890689916701e+00 2.319613388561911904e+00 5.350874805701884007e+00 6.233038938033211851e-01 1.273510595940562151e+00 -1.198092945892659023e+00
6.358714379418172191e-01 5.569195793456411803e-01 5.343295755374781741e-01 6.766431006555806427e-02 -6.911728621038368825e-01 7.189782746195041430e-01 7.314588206047448193e-02 4.846807482335355882e-02 -3.434349855626672721e-01 -4.158254778359982695e-01 8.421054487530442723e-01 -1.866536305220497516e-01 0.000000000000000000e+00 0.000000000000000000e+00 0.000000000000000000e+00 1.000000000000000000e+00 2.900085621596497187e+00 2.455236917714220812e+00 5.537936305837637185e+00 6.874762335778046296e-01 1.255933108856608582e+00 -1.269283241414330021e+00
6.446618084699741180e-01 5.465335317080616262e-01 5.345205790870205531e-01 6.992455553117067624e-02 -6.714495513639134883e-01 7.390710521300519753e-01 5.412471499668505825e-02 5.013762828357899715e-02 -3.654677184122406830e-01 -3.937957382052723609e-01 8.434205758453435786e-01 -1.959495020672891441e-01 0.000000000000000000e+00 0.000000000000000000e+00 0.000000000000000000e+00 1.000000000000000000e+00 2.818191642350458714e+00 2.592564210512378509e+00 5.722776412487907471e+00 7.549427322457902267e-01 1.234355551750678570e+00 -1.338644550282943158e+00
6.532638068228020511e-01 5.350915552142987419e-01 5.356523346257934248e-01 7.212130809853053992e-02 -6.502657014041020034e-01 7.589032601040136550e-01 3.493371411814037708e-02 5.179788210222842360e-02 -3.878155710662396505e-01 -3.711372706193590831e-01 8.437157186356221139e-01 -2.055648419637075008e-01 0.000000000000000000e+00 0.000000000000000000e+00 0.000000000000000000e+00 1.000000000000000000e+00 2.732385753065383671e+00 2.731454256895942567e+00 5.905332710559023646e+00 8.256271926682796636e-01 1.208656688713860783e+00 -1.405971068205100094e+00
6.616013250884575925e-01 5.225936429913595749e-01 5.377541888483741150e-01 7.425363077011902513e-02 -6.275744348687717356e-01 7.783991964488020665e-01 1.565326528534698169e-02 5.345091080268592199e-02 -4.104071352073219159e-01 -3.478370006247689661e-01 8.429563508126508564e-01 -2.155005215389453888e-01 0.000000000000000000e+00 0.000000000000000000e+00 0.000000000000000000e+00 1.000000000000000000e+00 2.642508494863188950e+00 2.871748413248165654e+00 6.085548844304650373e+00 8.994295162364343010e-01 1.178716557358098216e+00 -1.471051742951036578e+00
6.695935981756351296e-01 5.090419294483494728e-01 5.408518497439737116e-01 7.632034348792617051e-02 -6.033335461142121936e-01 7.974806997265458941e-01 -3.629148585864060833e-03 5.509885847538923548e-02 -4.331663042562360899e-01 -3.238840081261435966e-01 8.411100448326966905e-01 -2.257574957582317854e-01 0.000000000000000000e+00 0.000000000000000000e+00 0.000000000000000000e+00 1.000000000000000000e+00 2.548406686459585568e+00 3.013316025154249456e+00 6.263342732174535854e+00 9.762246056390552207e-01 1.144417516956932168e+00 -1.533686146205017531e+00
6.771553254709121727e-01 4.944409106953042699e-01 5.449668305792667589e-01 7.832000549503932707e-02 -5.775062664435036686e-01 8.160672826344107511e-01 -2.281901284522471970e-02 5.674394273721648091e-02 -4.560122581777222295e-01 -2.992697419190097352e-01 8.381470323027215841e-01 -2.363368046092275132e-01 0.000000000000000000e+00 0.000000000000000000e+00 0.000000000000000000e+00 1.000000000000000000e+00 2.449934112425896870e+00 3.155989694356299502e+00 6.438651558672098929e+00 1.055861302246345446e+00 1.105645376710615579e+00 -1.593666067227811123e+00
6.841968684496919639e-01 4.787976469142025682e-01 5.501158544996100908e-01 8.025090120480274369e-02 -5.500620405620251230e-01 8.340762974313615796e-01 -4.181490533482221106e-02 5.838845860152348105e-02 -4.788594777707017025e-01 -2.739882205019622541e-01 8.340408034500259582e-01 -2.472395651268726458e-01 0.000000000000000000e+00 0.000000000000000000e+00 0.000000000000000000e+00 1.000000000000000000e+00 2.346952300242506784e+00 3.299618540053276927e+00 6.611394932921204060e+00 1.138161397238617978e+00 1.062290584625000145e+00 -1.650794193022389500e+00
6.906266883015755864e-01 4.621207423429884442e-01 5.563085396385611947e-01 8.211145503661768097e-02 -5.209759915975776812e-01 8.514240281535743193e-01 -6.050739510520815323e-02 6.003474287753392952e-02 -5.016161847831761555e-01 -2.480353695057911090e-01 8.287699713196877704e-01 -2.584663133235718946e-01 0.000000000000000000e+00 0.000000000000000000e+00 0.000000000000000000e+00 1.000000000000000000e+00 2.239339409348309218e+00 3.443023167685203667e+00 6.782205404853010045e+00 1.222913704649814859e+00 1.014249162179742481e+00 -1.704561880748877378e+00
6.963602639899084679e-01 4.444154870894130860e-01 5.635399289615006246e-01 8.390196433627396255e-02 -4.902245091992691872e-01 8.680290770728202876e-01 -7.877471614546753542e-02 6.168493345308505987e-02 -5.241777533484602847e-01 -2.214055013492491064e-01 8.223243241464897046e-01 -2.700144319267090420e-01 0.000000000000000000e+00 0.000000000000000000e+00 0.000000000000000000e+00 1.000000000000000000e+00 2.127024108782049172e+00 3.582073325270099584e+00 6.953781601656414679e+00 1.309850648857044941e+00 9.614210457065540671e-01 -1.753561343011490026e+00
7.013170985467976903e-01 4.256851423517685751e-01 5.717923403720801545e-01 8.562404094739595184e-02 -4.577881119885971462e-01 8.838101650444195601e-01 -9.648647622555441006e-02 6.334087589182703371e-02 -5.464287475342007872e-01 -1.940921188894951244e-01 8.147047814802373944e-01 -2.818791051423380489e-01 0.000000000000000000e+00 0.000000000000000000e+00 0.000000000000000000e+00 1.000000000000000000e+00 2.009975942273923621e+00 3.716983728775282270e+00 7.125814897069991716e+00 1.398649668267042179e+00 9.037080663454489793e-01 -1.797770117269661849e+00
7.054116605720598399e-01 4.059362550235359191e-01 5.810422871071289075e-01 8.727876483674668062e-02 -4.236580510316643733e-01 8.986819667121710431e-01 -1.135102692458808959e-01 6.500427908178138536e-02 -5.682501647849486082e-01 -1.660917740601526305e-01 8.059189047394988981e-01 -2.940561265174346794e-01 0.000000000000000000e+00 0.000000000000000000e+00 0.000000000000000000e+00 1.000000000000000000e+00 1.888171062046704707e+00 3.847918970919318227e+00 7.298022012541236947e+00 1.488953956500348674e+00 8.410158750392032756e-01 -1.837172645627287881e+00
7.085540907907962316e-01 3.851789283139951947e-01 5.912599148584037900e-01 8.886670957668497961e-02 -3.878370053716830301e-01 9.125553240461490301e-01 -1.297121417895270856e-01 6.667674434628127755e-02 -5.895197732566409554e-01 -1.374044049684741142e-01 7.959814540001187710e-01 -3.065418465452630081e-01 0.000000000000000000e+00 0.000000000000000000e+00 0.000000000000000000e+00 1.000000000000000000e+00 1.761593300104067783e+00 3.974994330566913980e+00 7.470145275029532073e+00 1.580373011406186468e+00 7.732559793406978965e-01 -1.871763252090254959e+00
7.106509642177546437e-01 3.634270931235026869e-01 6.024084564214010618e-01 9.038796637173926452e-02 -3.503397572130751980e-01 9.253374898333908138e-01 -1.449571846968451261e-01 6.835978865265081306e-02 -6.101125039285780760e-01 -1.080336684725970997e-01 7.849149432526049130e-01 -3.193331162750231988e-01 0.000000000000000000e+00 0.000000000000000000e+00 0.000000000000000000e+00 1.000000000000000000e+00 1.630235260843396983e+00 4.098276134370924417e+00 7.641953219297080047e+00 1.672483339483813891e+00 7.003478529989499712e-01 -1.901549109512888247e+00
7.116061116481440241e-01 3.406987783799361180e-01 6.144437140654317453e-01 9.184216783178800192e-02 -3.111938363315974176e-01 9.369324004885613011e-01 -1.591102544103395744e-01 7.005486123047882652e-02 -6.299009005051275922e-01 -7.798726668714087151e-02 7.727501868498968252e-01 -3.324272272482086676e-01 0.000000000000000000e+00 0.000000000000000000e+00 0.000000000000000000e+00 1.000000000000000000e+00 1.494099443859470133e+00 4.217782006911736659e+00 7.813241302217861062e+00 1.764829348623625505e+00 6.222211086399971336e-01 -1.926553280093250553e+00
7.113215023832737405e-01 3.170163791818599308e-01 6.273135813554616691e-01 9.322851261717807203e-02 -2.704401224388455760e-01 9.472409770463074974e-01 -1.720368284098432454e-01 7.176335307094394711e-02 -6.487556298363260643e-01 -4.727726653094174725e-02 7.595268281200131533e-01 -3.458218484180436425e-01 0.000000000000000000e+00 0.000000000000000000e+00 0.000000000000000000e+00 1.000000000000000000e+00 1.353199401327822571e+00 4.333481023523950704e+00 7.983832718268420336e+00 1.856924461131654658e+00 5.388177241706172405e-01 -1.946817805938234169e+00
7.096981888465366817e-01 2.924069219068095582e-01 6.409576171588388105e-01 9.454579213439653906e-02 -2.281333930994413894e-01 9.561614531065181222e-01 -1.836039978730834299e-01 7.348659895496625905e-02 -6.665460546341094306e-01 -1.592041187968756127e-02 7.452938397428421347e-01 -3.595149608321851487e-01 0.000000000000000000e+00 0.000000000000000000e+00 0.000000000000000000e+00 1.000000000000000000e+00 1.207560932871402093e+00 4.445293781821412438e+00 8.153579303510763765e+00 1.948252475886293800e+00 4.500943141291083305e-01 -1.962406820116883832e+00
7.066373123376543663e-01 2.669023257910109193e-01 6.553066855556615167e-01 9.579242049936106951e-02 -1.843428038462637253e-01 9.635897285465724327e-01 -1.936815991728968456e-01 7.522587186678664217e-02 -6.831408691580981296e-01 1.606157161923855298e-02 7.301099841211081687e-01 -3.735047909767004182e-01 0.000000000000000000e+00 0.000000000000000000e+00 0.000000000000000000e+00 1.000000000000000000e+00 1.057223319670874684e+00 4.553092409793865869e+00 8.322362513474445223e+00 2.038269204733902384e+00 3.560244381732461938e-01 -1.973409641999517072e+00
7.020411676126999678e-01 2.405396608513105938e-01 6.702826762958427054e-01 9.696646900268174329e-02 -1.391522864007851690e-01 9.694197480133404099e-01 -2.021434839426676233e-01 7.698236989159888688e-02 -6.984087972905519415e-01 4.864167848665691685e-02 7.140442206398457392e-01 -3.877897437853776719e-01 0.000000000000000000e+00 0.000000000000000000e+00 0.000000000000000000e+00 1.000000000000000000e+00 9.022405987770830693e-01 4.656700530351407963e+00 8.490094458345884831e+00 2.126404403807494070e+00 2.566009402289686214e-01 -1.979943813666189101e+00
6.958143222710246878e-01 2.133614023783567404e-01 6.857983212611926671e-01 9.806570630051751614e-02 -9.266085042483732104e-02 9.735439035822123222e-01 -2.088689251940242242e-01 7.875719597006956840e-02 -7.122193510171138664e-01 8.178733098521068223e-02 6.971760454376036975e-01 -4.023683364062768941e-01 0.000000000000000000e+00 0.000000000000000000e+00 0.000000000000000000e+00 1.000000000000000000e+00 7.426828781252363676e-01 4.755893204437152910e+00 8.656718976734953941e+00 2.212064015313619514e+00 1.518383135032042031e-01 -1.982158026901668979e+00
6.878647850906653982e-01 1.854156825552365495e-01 7.017571230460768472e-01 9.908764550871705656e-02 -4.498277405479004371e-02 9.758534615370217935e-01 -2.137441543493835139e-01 8.055133118594892672e-02 -7.244436457861135326e-01 1.154600906791329040e-01 6.795957481406442735e-01 -4.172391338801781369e-01 0.000000000000000000e+00 0.000000000000000000e+00 0.000000000000000000e+00 1.000000000000000000e+00 5.786376926359023676e-01 4.850396877415074748e+00 8.822212726972361807e+00 2.294632729461814069e+00 4.177508854750917877e-02 -1.980234882932933260e+00
6.781052155012016192e-01 1.567565400170219669e-01 7.180534122113522155e-01 1.000295992895383207e-01 3.752331348860403482e-03 9.762390139943331047e-01 -2.166640210575687675e-01 8.236560259015836272e-02 -7.349552675484855024e-01 1.496153718458144710e-01 6.614045689765742919e-01 -4.324006879160223749e-01 0.000000000000000000e+00 0.000000000000000000e+00 0.000000000000000000e+00 1.000000000000000000e+00 4.102114020169081998e-01 4.939889356469777226e+00 8.986586272361094530e+00 2.373476869619826957e+00 -7.352375622183802972e-02 -1.974393419784290726e+00
6.664541643460523135e-01 1.274441683297395378e-01 7.345725499366937417e-01 1.008887438823852650e-01 5.339959620921969075e-02 9.745909570723043647e-01 -2.175337643026312440e-01 8.420064690779401062e-02 -7.436311845042348212e-01 1.842021541906893045e-01 6.427147388273224404e-01 -4.478514799393140122e-01 0.000000000000000000e+00 0.000000000000000000e+00 0.000000000000000000e+00 1.000000000000000000e+00 2.375306314467685864e-01 5.023999850329681216e+00 9.149885134029132061e+00 2.447947596509665757e+00 -1.939643597812205356e-01 -1.964891335118070792e+00
6.528373340034540062e-01 9.754516439520681537e-02 7.511912926374699762e-01 1.016621928363528743e-01 1.037991204079169727e-01 9.707999984838969754e-01 -2.162708796126673605e-01 8.605687182264336321e-02 -7.503526947302582295e-01 2.191626920124159217e-01 6.236493841472241506e-01 -4.635898695338036557e-01 0.000000000000000000e+00 0.000000000000000000e+00 0.000000000000000000e+00 1.000000000000000000e+00 6.074375720977304161e-02 5.102309106845067888e+00 9.312190781981774634e+00 2.517384419396289541e+00 -3.194215153890676007e-01 -1.952026825906561180e+00
6.371888438566813972e-01 6.713277764233326061e-02 7.677783345643188762e-01 1.023470809477501353e-01 1.547763649501771310e-01 9.647576988022992239e-01 -2.128070631557660020e-01 8.793441687333107548e-02 -7.550063989790692931e-01 2.544322168108507087e-01 6.043422783067465831e-01 -4.796140492883700368e-01 0.000000000000000000e+00 0.000000000000000000e+00 0.000000000000000000e+00 1.000000000000000000e+00 -1.199775594612326191e-01 5.174349688915087953e+00 9.473621531608131363e+00 2.581118993890431312e+00 -4.497361727145262611e-01 -1.936139960472154087e+00
6.194524850916883763e-01 3.628716050686567329e-02 7.841950434068354348e-01 1.029406585866901452e-01 2.061427167801548610e-01 9.563570521773834265e-01 -2.070902092146031659e-01 8.983311630934570635e-02 -7.574851860715564600e-01 2.899386303689547306e-01 5.849374208745672377e-01 -4.959220068948800852e-01 0.000000000000000000e+00 0.000000000000000000e+00 0.000000000000000000e+00 1.000000000000000000e+00 -3.044367856391220206e-01 5.239606435058473011e+00 9.634333309239625720e+00 2.638479177370914641e+00 -5.847128968772359325e-01 -1.917613493583295803e+00
5.995829469298304959e-01 5.095620092390302364e-03 8.002964024190435399e-01 1.034403962121145659e-01 2.576962331233083603e-01 9.454931139374614935e-01 -1.990864330123101877e-01 9.175246652433198535e-02 -7.576892165259443424e-01 3.256021856161589456e-01 5.655884266701480811e-01 -5.125114951157786480e-01 0.000000000000000000e+00 0.000000000000000000e+00 0.000000000000000000e+00 1.000000000000000000e+00 -4.924108707305723254e-01 5.297517157649610731e+00 9.794520246377075523e+00 2.688793304373017001e+00 -7.241172746529240811e-01 -1.896873031665138321e+00
5.775469947640962110e-01 -2.634712998899839745e-02 8.159321705183186779e-01 1.038440984260155103e-01 3.092225682960629274e-01 9.320636842385120469e-01 -1.887820861857538446e-01 9.369160088599357006e-02 -7.555268884513430816e-01 3.613351531396242211e-01 5.464577071560465793e-01 -5.293800099516060564e-01 0.000000000000000000e+00 0.000000000000000000e+00 0.000000000000000000e+00 1.000000000000000000e+00 -6.836485332295456629e-01 5.347473639573664173e+00 9.954415057891635499e+00 2.731394635900560974e+00 -8.676732574318717361e-01 -1.874386453051672285e+00
5.533245793625122255e-01 -5.793871980706233327e-02 8.309482691307220614e-01 1.041500264104748413e-01 3.604960818179800408e-01 9.159700586570413972e-01 -1.761857274473443702e-01 9.564927489258957805e-02 -7.509157683855534060e-01 3.970414720946752740e-01 5.277154279442748397e-01 -5.465247769911474318e-01 0.000000000000000000e+00 0.000000000000000000e+00 0.000000000000000000e+00 1.000000000000000000e+00 -8.778684704505812508e-01 5.388822998859999380e+00 1.011428915486376745e+01 2.765625928890253160e+00 -1.015060430850736939e+00 -1.850662487861047367e+00
5.269098554481065344e-01 -8.956887909127730918e-02 8.451884012207283581e-01 1.043570270349906959e-01 4.112811218967504234e-01 8.971178582818134517e-01 -1.613300062354137698e-01 9.762386458003877165e-02 -7.437834687878290829e-01 4.326163855166806904e-01 5.095382279134218484e-01 -5.639427455270251688e-01 0.000000000000000000e+00 0.000000000000000000e+00 0.000000000000000000e+00 1.000000000000000000e+00 -1.074757479992972886e+00 5.420869500779513572e+00 1.027445243776381645e+01 2.790844065460059475e+00 -1.165911202620028453e+00 -1.826248363820526688e+00
4.983120876877936145e-01 -1.211192046469902195e-01 8.584959039174745454e-01 1.044646663306462997e-01 4.613334729717642468e-01 8.754179533484598430e-01 -1.442734125316119387e-01 9.961338095580610230e-02 -7.340684534393269178e-01 4.679460616888772573e-01 4.921076877207600786e-01 -5.816305895784844582e-01 0.000000000000000000e+00 0.000000000000000000e+00 0.000000000000000000e+00 1.000000000000000000e+00 -1.273968480591723518e+00 5.442876907962507893e+00 1.043525271041698765e+01 2.806424676668532570e+00 -1.319807903216149159e+00 -1.801726428518873213e+00
4.675564225568211718e-01 -1.524629471030038708e-01 8.707158314094445295e-01 1.044733644213141494e-01 5.104019500779835017e-01 8.507874956704289948e-01 -1.251018416394231725e-01 1.016155029222868683e-01 -7.217207522035029577e-01 5.029072053018914801e-01 4.756085383918421949e-01 -5.995847144974072451e-01 0.000000000000000000e+00 0.000000000000000000e+00 0.000000000000000000e+00 1.000000000000000000e+00 -1.475118419595321084e+00 5.454071471298552964e+00 1.059707464966707491e+01 2.811766692944630552e+00 -1.476279799076502419e+00 -1.777709665453333754e+00
4.346845058270061291e-01 -1.834648274583064731e-01 8.816972593145893100e-01 1.043845284048323940e-01 5.582301164577646579e-01 8.231510759285141088e-01 -1.039299186996085755e-01 1.036276306529159558e-01 -7.067025676146818647e-01 5.373666646692969451e-01 4.602266042225597320e-01 -6.178012673655625120e-01 0.000000000000000000e+00 0.000000000000000000e+00 0.000000000000000000e+00 1.000000000000000000e+00 -1.677786054910328728e+00 5.453645677656749235e+00 1.076033825990915815e+01 2.806296753843790626e+00 -1.634800024999685908e+00 -1.754836031213793168e+00
3.997549276865042800e-01 -2.139808967692845287e-01 8.912957955478306715e-01 1.042006791185818154e-01 6.045580942922522683e-01 7.924420221575612100e-01 -8.090202420447363540e-02 1.056469606837950048e-01 -6.889887577620338321e-01 5.711810442459551718e-01 4.461464784767777414e-01 -6.362761489491300937e-01 0.000000000000000000e+00 0.000000000000000000e+00 0.000000000000000000e+00 1.000000000000000000e+00 -1.881509601278519295e+00 5.440762884689592127e+00 1.092549673577590674e+01 2.789473414138536000e+00 -1.794782451864356254e+00 -1.733761554579321240e+00
3.628434808517333465e-01 -2.438584554384066183e-01 8.993762758235415156e-01 1.039255672383555124e-01 6.491244319020607056e-01 7.586038553732272760e-01 -5.619295890971294505e-02 1.076705830752497511e-01 -6.685671830853177067e-01 6.041963351244661329e-01 4.335489353470468044e-01 -6.550050245950160832e-01 0.000000000000000000e+00 0.000000000000000000e+00 0.000000000000000000e+00 1.000000000000000000e+00 -2.085784234694323835e+00 5.414562987941237360e+00 1.109303365034407918e+01 2.760791092296018601e+00 -1.955578517766084046e+00 -1.715152155592561067e+00
