9.087058963983866144e-01 2.829374762945243149e-01 3.069201498091809199e-01 0.000000000000000000e+00 -2.065548189218132658e-01 9.436961517706298208e-01 -2.584041019672121409e-01 0.000000000000000000e+00 -3.627515687505451503e-01 1.714174951438444672e-01 9.159843567046483948e-01 0.000000000000000000e+00 0.000000000000000000e+00 0.000000000000000000e+00 0.000000000000000000e+00 1.000000000000000000e+00 -8.499458307178853200e-02 -4.604464246022899054e-01 1.660912501721926171e-01 -6.249879344009390270e-02 -2.648477917954789596e-01 -3.798100748772118562e-01
9.097123752833963239e-01 2.819940307717169747e-01 3.047995421764980173e-01 -1.190804326324481710e-03 -2.064172916683398307e-01 9.440243407793945662e-01 -2.573129336157662372e-01 -7.353919052237239485e-04 -3.602988981830641535e-01 1.711648640440200098e-01 9.169990694744497572e-01 -1.825859767055178695e-03 0.000000000000000000e+00 0.000000000000000000e+00 0.000000000000000000e+00 1.000000000000000000e+00 -1.567770762492316505e-01 -5.474997976551814194e-01 1.676207472468106696e-01 -4.581092590285359978e-02 -2.724455984560067434e-01 -3.594397363852341321e-01
9.108381956390797507e-01 2.809417351625725923e-01 3.023996079512152324e-01 -2.282382574302156512e-03 -2.063735846501864313e-01 9.444397859414616070e-01 -2.558191440220196622e-01 -1.551067574650222963e-03 -3.574684951939595678e-01 1.706025564807297501e-01 9.182107834803078239e-01 -3.601694816261320157e-03 0.000000000000000000e+00 0.000000000000000000e+00 0.000000000000000000e+00 1.000000000000000000e+00 -2.199363974664476640e-01 -6.234842210065140167e-01 1.691284446609067627e-01 -2.938870336382240142e-02 -2.799150708924870723e-01 -3.412773452893123061e-01
9.120638179748644658e-01 2.797961355970362551e-01 2.997560917674429448e-01 -3.278740971860159663e-03 -2.064092063266887711e-01 9.449305073113413167e-01 -2.539716049235593576e-01 -2.443816503522306879e-03 -3.543089494491525326e-01 1.697658946760158827e-01 9.195894245016119628e-01 -5.336473550878229749e-03 0.000000000000000000e+00 0.000000000000000000e+00 0.000000000000000000e+00 1.000000000000000000e+00 -2.754959444760571308e-01 -6.889654767773583099e-01 1.699625147529921776e-01 -1.322222071263998849e-02 -2.872658871563965599e-01 -3.253876462249313817e-01
9.133710971861840333e-01 2.785725094525514089e-01 2.969016603631672857e-01 -4.183746954851330288e-03 -2.065122936782218532e-01 9.454853722532088334e-01 -2.518135891227697432e-01 -3.410490641074714543e-03 -3.508645202797402440e-01 1.686854113348495998e-01 9.211076597117572318e-01 -7.038642662073849206e-03 0.000000000000000000e+00 0.000000000000000000e+00 0.000000000000000000e+00 1.000000000000000000e+00 -3.243401649607197124e-01 -7.454003279251133485e-01 1.702224537360124967e-01 2.694747460945844802e-03 -2.945038058919194346e-01 -3.115178382133247381e-01
9.147443366548971833e-01 2.772843521345676465e-01 2.938642318433878908e-01 -5.000905101619945031e-03 -2.066723991526636661e-01 9.460943945087332274e-01 -2.493830715793670105e-01 -4.448203762645712607e-03 -3.471733258992929505e-01 1.673881265975076249e-01 9.227415116217216884e-01 -8.715483233444338076e-03 0.000000000000000000e+00 0.000000000000000000e+00 0.000000000000000000e+00 1.000000000000000000e+00 -3.672397966620994936e-01 -7.940242609854251121e-01 1.699907338297466652e-01 1.836507923694951500e-02 -3.016317103178717263e-01 -2.994403669360317100e-01
9.161699581948998805e-01 2.759435858399116315e-01 2.906677575561504301e-01 -5.733394718850878292e-03 -2.068803525495216955e-01 9.467486386340996374e-01 -2.467134679737151559e-01 -5.554307992314396099e-03 -3.432683027560242128e-01 1.658980195166011307e-01 9.244699670017367810e-01 -1.037324193196635311e-02 0.000000000000000000e+00 0.000000000000000000e+00 0.000000000000000000e+00 1.000000000000000000e+00 -4.048688419797840110e-01 -8.358878864625374217e-01 1.693363383570009872e-01 3.378937845724136468e-02 -3.086504203064348029e-01 -2.889510434627037272e-01
9.176362155374269136e-01 2.745607421027118078e-01 2.873328644363133400e-01 -6.384105478769262244e-03 -2.071281266789396780e-01 9.474401280169497674e-01 -2.438342537167527135e-01 -6.726370297638280954e-03 -3.391779994812567089e-01 1.642364238914413854e-01 9.262746256941237766e-01 -1.201724936773351793e-02 0.000000000000000000e+00 0.000000000000000000e+00 0.000000000000000000e+00 1.000000000000000000e+00 -4.378184998245464032e-01 -8.718867848296290024e-01 1.683174691205027718e-01 4.896676001876570927e-02 -3.155593080696300623e-01 -2.798671162155624281e-01
9.191329462913687687e-01 2.731451217831012968e-01 2.838773848832368829e-01 -6.955670628844520462e-03 -2.074087105333456138e-01 9.481617576525486202e-01 -2.407714859725347545e-01 -7.962149711750856132e-03 -3.349272370312198488e-01 1.624223629739605934e-01 9.281393873706409448e-01 -1.365202648651403505e-02 0.000000000000000000e+00 0.000000000000000000e+00 0.000000000000000000e+00 1.000000000000000000e+00 -4.666087019252997403e-01 -9.027861035364629361e-01 1.669836331000198737e-01 6.389542024266463283e-02 -3.223567627181912476e-01 -2.720253700863532464e-01
9.206513576296840862e-01 2.717049355782009679e-01 2.803167955032132008e-01 -7.450497533715781141e-03 -2.077159919872415550e-01 9.489072123496609112e-01 -2.375482464066847876e-01 -9.259575767236054994e-03 -3.305376599463485943e-01 1.604728343460400108e-01 9.300501735369959277e-01 -1.528137992787388308e-02 0.000000000000000000e+00 0.000000000000000000e+00 0.000000000000000000e+00 1.000000000000000000e+00 -4.916977440039995706e-01 -9.292409225533923012e-01 1.653772612724076774e-01 7.857304711902898808e-02 -3.290405386497692319e-01 -2.652802996666398516e-01
9.221838413679026569e-01 2.702474276572758849e-01 2.766645816353006104e-01 -7.870795473517513269e-03 -2.080446509080512429e-01 9.496708906843686071e-01 -2.341850186713886617e-01 -1.061672842984709257e-02 -3.260281985177575503e-01 1.584030538423354395e-01 9.319946817536312045e-01 -1.690848729388941610e-02 0.000000000000000000e+00 0.000000000000000000e+00 0.000000000000000000e+00 1.000000000000000000e+00 -5.134903871575485779e-01 -9.518131879212854418e-01 1.635349729848353528e-01 9.299711160807706822e-02 -3.356080147812938730e-01 -2.595023848965494206e-01
9.237238145497044250e-01 2.687789846289587725e-01 2.729325411606255969e-01 -8.218600733511169723e-03 -2.083900628298139546e-01 9.504478347775390246e-01 -2.307000117919385529e-01 -1.203181967964553518e-02 -3.214154576730571256e-01 1.562266655465183451e-01 9.339621689667023663e-01 -1.853597325055419964e-02 0.000000000000000000e+00 0.000000000000000000e+00 0.000000000000000000e+00 1.000000000000000000e+00 -5.323447194872825694e-01 -9.709858460946300118e-01 1.614885705203446542e-01 1.071650709178452177e-01 -3.420563855084257088e-01 -2.545764845847627300e-01
9.252655820998575420e-01 2.673052317222051610e-01 2.691310384284103518e-01 -8.495799091915060691e-03 -2.087482128834363126e-01 9.512336658066906647e-01 -2.271094384174368874e-01 -1.350317678833713210e-02 -3.167140452922557192e-01 1.539559234724331427e-01 9.359432609233553357e-01 -2.016597733995518366e-02 0.000000000000000000e+00 0.000000000000000000e+00 0.000000000000000000e+00 1.000000000000000000e+00 -5.485780041955676811e-01 -9.871746833770982388e-01 1.592658273049939177e-01 1.210745069481814484e-01 -3.483827995330579519e-01 -2.504003544762459788e-01
9.268042185256081256e-01 2.658311177914102208e-01 2.652692170382124348e-01 -8.704145857095531638e-03 -2.091156194041684513e-01 9.520245250532266557e-01 -2.234277551819070784e-01 -1.502922727372910279e-02 -3.119368502308092483e-01 1.516018494465413147e-01 9.379297848143658412e-01 -2.180021432548438429e-02 0.000000000000000000e+00 0.000000000000000000e+00 0.000000000000000000e+00 1.000000000000000000e+00 -5.624716921891651511e-01 -1.000738274921447957e+00 1.568911175211022968e-01 1.347232172674517059e-01 -3.545844590281976849e-01 -2.468832906384638703e-01
9.283354660336071706e-01 2.643609905296075424e-01 2.613551785639249281e-01 -8.845283629927935126e-03 -2.094892664884150102e-01 9.528170202156566182e-01 -2.196678710753584285e-01 -1.660848546719746396e-02 -3.070952784053735951e-01 1.491743708549562175e-01 9.399146225021802747e-01 -2.344002783091150149e-02 0.000000000000000000e+00 0.000000000000000000e+00 0.000000000000000000e+00 1.000000000000000000e+00 -5.742757405435146012e-01 -1.011986369632966731e+00 1.543859232227360601e-01 1.481092716023929834e-01 -3.606586887642043160e-01 -2.439448950543283701e-01
9.298556467766193601e-01 2.628986630836367966e-01 2.573961329909908446e-01 -8.920757978076789343e-03 -2.098665447062011136e-01 9.536081766772952495e-01 -2.158413286605906645e-01 -1.823954060169486607e-02 -3.021994537715917417e-01 1.466824412490123353e-01 9.418915819262777545e-01 -2.508643797107546966e-02 0.000000000000000000e+00 0.000000000000000000e+00 0.000000000000000000e+00 1.000000000000000000e+00 -5.842123500159521754e-01 -1.021186975739302172e+00 1.517692463305580775e-01 1.612310435194083125e-01 -3.666029826142117032e-01 -2.415139578519014951e-01
9.313615872523086647e-01 2.614474731049923339e-01 2.533985255884492749e-01 -8.932031210498089444e-03 -2.102451991638270568e-01 9.543953933949564927e-01 -2.119584621256589141e-01 -1.992104631153074346e-02 -2.972583898039261596e-01 1.441341462743403468e-01 9.438552845137080372e-01 -2.674018360981952891e-02 0.000000000000000000e+00 0.000000000000000000e+00 0.000000000000000000e+00 1.000000000000000000e+00 -5.924792129954347120e-01 -1.028572362945104457e+00 1.490579463424884232e-01 1.740872244909358879e-01 -3.724150331457067864e-01 -2.395274491413461326e-01
9.328505531471480428e-01 2.600103351344202895e-01 2.493681440943253114e-01 -8.880494435765263345e-03 -2.106232841336711792e-01 9.551764030675115036e-01 -2.080285354848850909e-01 -2.165171142745446822e-02 -2.922801361079095384e-01 1.415367969674433679e-01 9.458010666505343167e-01 -2.840175982117984152e-02 0.000000000000000000e+00 0.000000000000000000e+00 0.000000000000000000e+00 1.000000000000000000e+00 -5.992523462691959901e-01 -1.034344158107321610e+00 1.462670196730821992e-01 1.866768256725835906e-01 -3.780927486786859748e-01 -2.379296126654800725e-01
9.343201931548368311e-01 2.585897871029321782e-01 2.453102094124463006e-01 -8.767478079121759915e-03 -2.109991235111804142e-01 9.559492362455935810e-01 -2.040598636958579903e-01 -2.343029194888548994e-02 -2.872719040038155813e-01 1.388970121264036794e-01 9.477248934839912486e-01 -3.007145107366967357e-02 0.000000000000000000e+00 0.000000000000000000e+00 0.000000000000000000e+00 1.000000000000000000e+00 -6.046885696157754397e-01 -1.038677680075277499e+00 1.434098328168702252e-01 1.989991713141018581e-01 -3.836342611627301946e-01 -2.366711531848487426e-01
9.357684905038861078e-01 2.571880316332821326e-01 2.412294524670482443e-01 -8.594261022080910625e-03 -2.113712764135992073e-01 9.567121890530860817e-01 -2.000599190176032549e-01 -2.525558407754621357e-02 -2.822401742780920597e-01 1.362207911901184842e-01 9.496232835225549840e-01 -3.174936060526546699e-02 0.000000000000000000e+00 0.000000000000000000e+00 0.000000000000000000e+00 1.000000000000000000e+00 -6.089276806410403031e-01 -1.041725634084610608e+00 1.404983187159960789e-01 2.110538866757361298e-01 -3.890379274292274370e-01 -2.357085095566074373e-01
9.371937211066767581e-01 2.558069727413086469e-01 2.371301794122102624e-01 -8.362078516067142364e-03 -2.117385072947369218e-01 9.574637942050270301e-01 -1.960354245742218227e-01 -2.712641820185220792e-02 -2.771907897743568494e-01 1.335135788392816381e-01 9.514932426807254373e-01 -3.343543640859043820e-02 0.000000000000000000e+00 0.000000000000000000e+00 0.000000000000000000e+00 1.000000000000000000e+00 -6.120943678184815884e-01 -1.043621265606446524e+00 1.375431435756886145e-01 2.228408825348068834e-01 -3.943023257592052633e-01 -2.350032057180997946e-01
9.385944173956207726e-01 2.544482484635872122e-01 2.330163270256883912e-01 -8.072129008813972925e-03 -2.120997600109705561e-01 9.582027950235170177e-01 -1.919924367919816355e-01 -2.904165372817077082e-02 -2.721290350655400925e-01 1.307803223514030222e-01 9.533322065771705489e-01 -3.512949420180552784e-02 0.000000000000000000e+00 0.000000000000000000e+00 0.000000000000000000e+00 1.000000000000000000e+00 -6.142998968955210026e-01 -1.044481056852385903e+00 1.345538497452025972e-01 2.343603377803699928e-01 -3.994262492317018909e-01 -2.345212721721086080e-01
9.399693370441319917e-01 2.531132598747189988e-01 2.288915098150237082e-01 -7.725580009542041757e-03 -2.124541353331039772e-01 9.589281221718812809e-01 -1.879364181330621386e-01 -3.100017466272997693e-02 -2.670597050942626893e-01 1.280255225931631324e-01 9.551379900396873568e-01 -3.683123772073358670e-02 0.000000000000000000e+00 0.000000000000000000e+00 0.000000000000000000e+00 1.000000000000000000e+00 -6.156436003193542783e-01 -1.044407035459949284e+00 1.315389790418339255e-01 2.456126811572915958e-01 -4.044086969510850560e-01 -2.342327310356044356e-01
9.413174358837333999e-01 2.518031969027659800e-01 2.247590601151871759e-01 -7.323573106689404595e-03 -2.128008714550466418e-01 9.596388728468117080e-01 -1.838723013457344568e-01 -3.300088585601872182e-02 -2.619871643751517931e-01 1.252532794098891455e-01 9.569087428992751887e-01 -3.854027663156264771e-02 0.000000000000000000e+00 0.000000000000000000e+00 0.000000000000000000e+00 1.000000000000000000e+00 -6.162141948414855408e-01 -1.043488753636124144e+00 1.285061799476922839e-01 2.565985728978297797e-01 -4.092488639699221054e-01 -2.341111382183179990e-01
9.426378444262658585e-01 2.505190613035835900e-01 2.206220622514464269e-01 -6.867228240378504822e-03 -2.131393271026243152e-01 9.603342921878389449e-01 -1.798045462807506822e-01 -3.504270982959691721e-02 -2.569153981089585259e-01 1.224673320688881017e-01 9.586429112697745225e-01 -4.025614233085644117e-02 0.000000000000000000e+00 0.000000000000000000e+00 0.000000000000000000e+00 1.000000000000000000e+00 -6.160909487670089835e-01 -1.041804986749925499e+00 1.254623013825276190e-01 2.673188867407355618e-01 -4.139461305079778497e-01 -2.341331768145250014e-01
9.439298474840199793e-01 2.492616871130574341e-01 2.164833816705994396e-01 -6.357647321006981538e-03 -2.134689668937525819e-01 9.610137566827974265e-01 -1.757371901808431058e-01 -3.712458411308612594e-02 -2.518480563548943785e-01 1.196710953268470962e-01 9.603392036103290952e-01 -4.197830187028346594e-02 0.000000000000000000e+00 0.000000000000000000e+00 0.000000000000000000e+00 1.000000000000000000e+00 -6.153447172591065550e-01 -1.039425192667795761e+00 1.224134751978196572e-01 2.777746926637179037e-01 -4.185000509029169757e-01 -2.342782963026595333e-01
9.451928664525939272e-01 2.480317588596652467e-01 2.123456898018148964e-01 -5.795917275403810257e-03 -2.137893486445690272e-01 9.616767593666146752e-01 -1.716738922295351355e-01 -3.924545902657405883e-02 -2.467884922372154399e-01 1.168676916184169245e-01 9.619965609567107112e-01 -4.370617021719159362e-02 0.000000000000000000e+00 0.000000000000000000e+00 0.000000000000000000e+00 1.000000000000000000e+00 -6.140388615642309311e-01 -1.036410766723558252e+00 1.193651891072978477e-01 2.879672405288062897e-01 -4.229103426028164581e-01 -2.345283926406330766e-01
9.464264438830549686e-01 2.468298277876372904e-01 2.082114852899103474e-01 -5.183112592912856968e-03 -2.141001123550146934e-01 9.623228966285700681e-01 -1.676179730429889769e-01 -4.140429585064502038e-02 -2.417397950188954481e-01 1.140599798009854504e-01 9.636141307855742300e-01 -4.543912103863976398e-02 0.000000000000000000e+00 0.000000000000000000e+00 0.000000000000000000e+00 1.000000000000000000e+00 -6.122300658901053128e-01 -1.032816121872049964e+00 1.163223514365697153e-01 2.978979447495677113e-01 -4.271768754156962111e-01 -2.348675248123947290e-01
9.476302300229909603e-01 2.456563263126773089e-01 2.040831121448339613e-01 -4.520297435536595014e-03 -2.144009706419911232e-01 9.629518564599806041e-01 -1.635724497012005230e-01 -4.360006533269197848e-02 -2.367048187545028326e-01 1.112505808375745253e-01 9.651912440441636765e-01 -4.717649617549721924e-02 0.000000000000000000e+00 0.000000000000000000e+00 0.000000000000000000e+00 1.000000000000000000e+00 -6.099690638694480471e-01 -1.028689619103425379e+00 1.132893488164654905e-01 3.075683700251439223e-01 -4.312996611599747565e-01 -2.352816638189018927e-01
9.488039710515172587e-01 2.445115809072243851e-01 1.999627752680330772e-01 -3.808527368857037715e-03 -2.146917004188815814e-01 9.635634079900127213e-01 -1.595400668399555022e-01 -4.583174648405603790e-02 -2.316862071323045336e-01 1.084419007542041097e-01 9.667273949379684428e-01 -4.891761395449418376e-02 0.000000000000000000e+00 0.000000000000000000e+00 0.000000000000000000e+00 1.000000000000000000e+00 -6.073012850160787179e-01 -1.024074369440881593e+00 1.102700977434843133e-01 3.169802181417731846e-01 -4.352788438066239052e-01 -2.357584705121164859e-01
9.499474987723305341e-01 2.433958235901540756e-01 1.958525537465543309e-01 -3.048850763800110917e-03 -2.149721356472368838e-01 9.641573921719485130e-01 -1.555233242605277288e-01 -4.809832562788011329e-02 -2.266864150290437974e-01 1.056361511687108068e-01 9.682222231213067909e-01 -5.066177646943106905e-02 0.000000000000000000e+00 0.000000000000000000e+00 0.000000000000000000e+00 1.000000000000000000e+00 -6.042674302782861107e-01 -1.019008925684614209e+00 1.072680907729912786e-01 3.261353158126606977e-01 -4.391146901646106326e-01 -2.362870990433200147e-01
9.510607215623880784e-01 2.423092021762688897e-01 1.917544122468914924e-01 -2.242309913368217920e-03 -2.152421610101256377e-01 9.647337134957539861e-01 -1.515245014584556404e-01 -5.039879566237477626e-02 -2.217077272272307276e-01 1.028353676538749789e-01 9.696754979816989417e-01 -5.240827594791901134e-02 0.000000000000000000e+00 0.000000000000000000e+00 0.000000000000000000e+00 1.000000000000000000e+00 -6.009039846783597039e-01 -1.013527879398485654e+00 1.042864379864010399e-01 3.350356035078640438e-01 -4.428075811326963040e-01 -2.368580230374417450e-01
9.521436164025249838e-01 2.412517894236006488e-01 1.876702107909445916e-01 -1.389941903175317527e-03 -2.155017063773671526e-01 9.652923326152298422e-01 -1.475456794245120773e-01 -5.273215550850404026e-02 -2.167522746820532975e-01 1.000414261679829497e-01 9.710871047489666452e-01 -5.415640030684235051e-02 0.000000000000000000e+00 0.000000000000000000e+00 0.000000000000000000e+00 1.000000000000000000e+00 -5.972436740659557985e-01 -1.007662376380977998e+00 1.013279042747503716e-01 3.436831252143416893e-01 -4.463580035202694418e-01 -2.374628819144224690e-01
9.531962218409869569e-01 2.402235912011726204e-01 1.836017131544712411e-01 -4.927792699209021911e-04 -2.157507419509238078e-01 9.658332597894070393e-01 -1.435887600290574606e-01 -5.509740971494234835e-02 -2.118220486714370299e-01 9.725605775995688207e-02 9.724570321949776996e-01 -5.590543798802939668e-02 0.000000000000000000e+00 0.000000000000000000e+00 0.000000000000000000e+00 1.000000000000000000e+00 -5.933158721814233427e-01 -1.001440561950957875e+00 9.839494290191619363e-02 3.520800190602936253e-01 -4.497665424256506173e-01 -2.380943450585411569e-01
9.542186317620217073e-01 2.392245537862141003e-01 1.795505940928520394e-01 4.481495222229540162e-04 -2.159892739944272722e-01 9.663565490482328713e-01 -1.396554832644119337e-01 -5.749356819656754880e-02 -2.069189131169272833e-01 9.448086173337670590e-02 9.737853617204705881e-01 -5.765468215523400497e-02 0.000000000000000000e+00 0.000000000000000000e+00 0.000000000000000000e+00 1.000000000000000000e+00 -5.891469635029883412e-01 -9.948879657560246725e-01 9.548972574678167569e-02 3.602285087357745552e-01 -4.530338741507037859e-01 -2.387459917890226713e-01
9.552109898498442053e-01 2.382545703876848553e-01 1.755184455688283129e-01 1.431819761017872391e-03 -2.162173410644258886e-01 9.668622930020324135e-01 -1.357474425879219015e-01 -5.991964608577684398e-02 -2.020446153237517584e-01 9.171731743363989442e-02 9.750722576519957885e-01 -5.940343432432393378e-02 0.000000000000000000e+00 0.000000000000000000e+00 0.000000000000000000e+00 1.000000000000000000e+00 -5.847606667221528776e-01 -9.880278344307670269e-01 9.261417057146899279e-02 3.681308956420824008e-01 -4.561607596244450780e-01 -2.394122053121503502e-01
9.561734846538845201e-01 2.373134869821750259e-01 1.715067821312448726e-01 2.457210298314586178e-03 -2.164350106727212508e-01 9.673506182227895600e-01 -1.318660985803891128e-01 -6.237466367858039012e-02 -1.972007953546542625e-01 8.896679480477864832e-02 9.763179585951953232e-01 -6.115100749041412626e-02 0.000000000000000000e+00 0.000000000000000000e+00 0.000000000000000000e+00 1.000000000000000000e+00 -5.801783231411082875e-01 -9.808814192559792700e-01 8.976996561972852562e-02 3.757895517047284417e-01 -4.591480383047571445e-01 -2.400880790385917507e-01
9.571063451746194550e-01 2.364011075386459049e-01 1.675170455720325080e-01 3.523303474778278523e-03 -2.166423763193367769e-01 9.678216811330291325e-01 -1.280127911099310234e-01 -6.485764645977658283e-02 -1.923889942230446737e-01 8.623056384676437702e-02 9.775227697108308522e-01 -6.289672880845784131e-02 0.000000000000000000e+00 0.000000000000000000e+00 0.000000000000000000e+00 1.000000000000000000e+00 -5.754191538030742903e-01 -9.734682249660462361e-01 8.695859181370904634e-02 3.832069127882333781e-01 -4.619966225256006420e-01 -2.407693338317329068e-01
9.580098369007811199e-01 2.355171986999345934e-01 1.635506089700983212e-01 4.629085139527850876e-03 -2.168395548444342624e-01 9.682756643450627365e-01 -1.241887501696955221e-01 -6.736762519357727963e-02 -1.876106610659898644e-01 8.350980309020993031e-02 9.786870557975511087e-01 -6.463994187741232966e-02 0.000000000000000000e+00 0.000000000000000000e+00 0.000000000000000000e+00 1.000000000000000000e+00 -5.705004887418263504e-01 -9.658062249938105248e-01 8.418134278710799612e-02 3.903854726550985976e-01 -4.647074922567441813e-01 -2.414522449154566930e-01
9.588842582386015723e-01 2.346614939813418399e-01 1.596087802149608603e-01 5.773544749253397418e-03 -2.170266840550458820e-01 9.687127733996453438e-01 -1.203951055387715852e-01 -6.990363606786215156e-02 -1.828671594359893293e-01 8.080560719300704242e-02 9.798112350806866822e-01 -6.638000867243516734e-02 0.000000000000000000e+00 0.000000000000000000e+00 0.000000000000000000e+00 1.000000000000000000e+00 -5.654379713623624015e-01 -9.579120477080934615e-01 8.143934296695073960e-02 3.973277774157342179e-01 -4.672816902436024433e-01 -2.421335773148377557e-01
9.597299372822212238e-01 2.338336975398557227e-01 1.556928050894529625e-01 6.955675533328437542e-03 -2.172039205889795266e-01 9.691332338587336226e-01 -1.166328953987914863e-01 -7.246472088182709381e-02 -1.781597728318443374e-01 7.811899375241772303e-02 9.808957736196654009e-01 -6.811631116455932333e-02 0.000000000000000000e+00 0.000000000000000000e+00 0.000000000000000000e+00 1.000000000000000000e+00 -5.602457406340434209e-01 -9.498011375700459169e-01 7.873356389408095457e-02 4.040364204206562393e-01 -4.697203174959843075e-01 -2.428105288323853250e-01
9.605472288816556681e-01 2.330334875615402701e-01 1.518038699792677027e-01 8.174474713149184821e-03 -2.173714379838253830e-01 9.695372887121035399e-01 -1.129030740238265718e-01 -7.504992726817875937e-02 -1.734897095728189786e-01 7.545090941631137083e-02 9.819411802582135307e-01 -6.984825266286569245e-02 0.000000000000000000e+00 0.000000000000000000e+00 0.000000000000000000e+00 1.000000000000000000e+00 -5.549365934849841420e-01 -9.414878945949779476e-01 7.606483895317552035e-02 4.105140375507257411e-01 -4.720245290961793128e-01 -2.434806796773440196e-01
9.613365119709514905e-01 2.322605193092584230e-01 1.479431042672480767e-01 9.428943765440296609e-03 -2.175294249237654798e-01 9.699251960621145807e-01 -1.092065186479962979e-01 -7.765830894223904601e-02 -1.688581071063515460e-01 7.280223536846321120e-02 9.829480020515632965e-01 -7.157525891025409703e-02 0.000000000000000000e+00 0.000000000000000000e+00 0.000000000000000000e+00 1.000000000000000000e+00 -5.495221295271706108e-01 -9.329857950430543445e-01 7.343387666619811960e-02 4.167633028654910143e-01 -4.741955302986853305e-01 -2.441419479676297521e-01
9.620981871245096739e-01 2.315144278681295353e-01 1.441115824618674213e-01 1.071808872059020097e-02 -2.176780836409729081e-01 9.702972270549645728e-01 -1.055440356035287491e-01 -8.028892597138109766e-02 -1.642660358275019605e-01 7.017379225498317219e-02 9.839168201136230252e-01 -7.329677896045004581e-02 0.000000000000000000e+00 0.000000000000000000e+00 0.000000000000000000e+00 1.000000000000000000e+00 -5.440128800116463825e-01 -9.243074958640657979e-01 7.084127268826762025e-02 4.227869245737391757e-01 -4.762345728958802815e-01 -2.447925504145758990e-01
9.628326743141429889e-01 2.307948306218795265e-01 1.403103261021075299e-01 1.204092048824136583e-02 -2.178176284518790473e-01 9.706536640303945473e-01 -1.019163658116510884e-01 -8.294084505914066374e-02 -1.597145024778563183e-01 6.756634461192219387e-02 9.848482458346524693e-01 -7.501228586082119010e-02 0.000000000000000000e+00 0.000000000000000000e+00 0.000000000000000000e+00 1.000000000000000000e+00 -5.384184227085958563e-01 -9.154649250789392845e-01 6.828752063162329966e-02 4.285876412941280744e-01 -4.781429518259774913e-01 -2.454309675810144586e-01
9.635404108433633930e-01 2.301013294894697914e-01 1.365403054747344469e-01 1.339645520338139315e-02 -2.179482844115668005e-01 9.709947988650304840e-01 -9.832418969949253962e-02 -8.561313983915090631e-02 -1.552044531825329809e-01 6.498060484781394142e-02 9.857429174265707195e-01 -7.672127716286891719e-02 0.000000000000000000e+00 0.000000000000000000e+00 0.000000000000000000e+00 1.000000000000000000e+00 -5.327474842252269971e-01 -9.064693599857031048e-01 6.577302183146771508e-02 4.341682185772355318e-01 -4.799220020016145005e-01 -2.460559131744228800e-01
9.642218494387658767e-01 2.294335129480380708e-01 1.328024411746486777e-01 1.478371458707690954e-02 -2.180702860720871716e-01 9.713209314874203804e-01 -9.476813160801433877e-02 -8.830489117474882299e-02 -1.507367761760568248e-01 6.241723682927283190e-02 9.866014967587335427e-01 -7.842327527986493740e-02 0.000000000000000000e+00 0.000000000000000000e+00 0.000000000000000000e+00 1.000000000000000000e+00 -5.270080311123651606e-01 -8.973314948234552002e-01 6.329809415676419804e-02 4.395314456635247558e-01 -4.815730953393670966e-01 -2.466663068999274122e-01
9.648774564812576671e-01 2.287909578652057019e-01 1.290976055344184026e-01 1.620172631677914421e-02 -2.181838763326581498e-01 9.716323685453785997e-01 -9.124876374872178952e-02 -9.101518746071160515e-02 -1.463123042610276203e-01 5.987685911271520278e-02 9.874246664519706895e-01 -8.011782770898391581e-02 0.000000000000000000e+00 0.000000000000000000e+00 0.000000000000000000e+00 1.000000000000000000e+00 -5.212073509663159854e-01 -8.880614993086842768e-01 6.086297995940202765e-02 4.446801324545911482e-01 -4.830976379723254666e-01 -2.472612504537657352e-01
9.655077103623503909e-01 2.281732311611605335e-01 1.254266239451819476e-01 1.764952440182133292e-02 -2.182893053715404541e-01 9.719294222085193002e-01 -8.776660976045841389e-02 -9.374312492411193687e-02 -1.419318170375642174e-01 5.736004786073571615e-02 9.882131272029619495e-01 -8.180450713340850499e-02 0.000000000000000000e+00 0.000000000000000000e+00 0.000000000000000000e+00 1.000000000000000000e+00 -5.153521246038338388e-01 -8.786690692691115911e-01 5.846785324639013071e-02 4.496171066776356029e-01 -4.844970676295988210e-01 -2.478400062871796428e-01
9.661130999528423358e-01 2.275798913185770878e-01 1.217902760877378060e-01 1.912614956033531488e-02 -2.183868296509433871e-01 9.722124090908724758e-01 -8.432214791184011737e-02 -9.648780792174346810e-02 -1.375960429363409232e-01 5.486733947760248642e-02 9.889675953147475385e-01 -8.348291141822372641e-02 0.000000000000000000e+00 0.000000000000000000e+00 0.000000000000000000e+00 1.000000000000000000e+00 -5.094484902731777343e-01 -8.691634704368292885e-01 5.611282615179626065e-02 4.543452112254228181e-01 -4.857728511682216643e-01 -2.484019788143564111e-01
9.666941231730208361e-01 2.270104897563533786e-01 1.181892970897465700e-01 2.063064959434848453e-02 -2.184767109876329383e-01 9.724816492802605961e-01 -8.091581398977783224e-02 -9.924834923196980407e-02 -1.333056610835411382e-01 5.239923299468215306e-02 9.896888004123802762e-01 -8.515266351244843435e-02 0.000000000000000000e+00 0.000000000000000000e+00 0.000000000000000000e+00 1.000000000000000000e+00 -5.035021007617057620e-01 -8.595535763212999170e-01 5.379795477792756464e-02 4.588673016560465001e-01 -4.869264822444148155e-01 -2.489466977766072453e-01
9.672512856550523619e-01 2.264645720812977214e-01 1.146243786224831196e-01 2.216207976029137272e-02 -2.185592156830298283e-01 9.727374654626933514e-01 -7.754800390998914383e-02 -1.020238703392002122e-01 -1.290613030221475221e-01 4.995619223332799924e-02 9.903774833255082344e-01 -8.681341126825012355e-02 0.000000000000000000e+00 0.000000000000000000e+00 0.000000000000000000e+00 1.000000000000000000e+00 -4.975181741688911585e-01 -8.498479009606541013e-01 5.152324446867505292e-02 4.631862438386574743e-01 -4.879594791125066999e-01 -2.494738035090416917e-01
9.677850994895405012e-01 2.259416792302642862e-01 1.110961699484418336e-01 2.371950313255885914e-02 -2.186346137075266816e-01 9.729801821314344457e-01 -7.421907608135136503e-02 -1.048135017094997817e-01 -1.248635543105916373e-01 4.753864776982124479e-02 9.910343941220751685e-01 -8.846482718723520933e-02 0.000000000000000000e+00 0.000000000000000000e+00 0.000000000000000000e+00 1.000000000000000000e+00 -4.915015390318345778e-01 -8.400546272440326812e-01 4.928865457195930749e-02 4.673049117329362012e-01 -4.888733825410518374e-01 -2.499830338860779266e-01
9.682960820493462517e-01 2.254413485137884421e-01 1.076052789292621520e-01 2.530199095813101540e-02 -2.187031779345452454e-01 9.732101248716282793e-01 -7.092935355234393502e-02 -1.076163830561067264e-01 -1.207129560168314492e-01 4.514699872431411631e-02 9.916602902793992813e-01 -9.010660810268340815e-02 0.000000000000000000e+00 0.000000000000000000e+00 0.000000000000000000e+00 1.000000000000000000e+00 -4.854566744172372217e-01 -8.301816314062027136e-01 4.709410274276160102e-02 4.712261852915254345e-01 -4.896697538367971170e-01 -2.504742127486805914e-01
9.687847548847153822e-01 2.249631145709929947e-01 1.041522730018665105e-01 2.690862300057902945e-02 -2.187651834205210089e-01 9.734276197124642760e-01 -6.767912596461957142e-02 -1.104316635938599050e-01 -1.166100061233562718e-01 4.278161439335238792e-02 9.922559349806765461e-01 -9.173847480568597668e-02 0.000000000000000000e+00 0.000000000000000000e+00 0.000000000000000000e+00 1.000000000000000000e+00 -4.793877455284455413e-01 -8.202365042163731745e-01 4.493946883325768138e-02 4.749529484759044129e-01 -4.903501729681491450e-01 -2.509472396396437710e-01
9.692516426845623201e-01 2.245065102444047944e-01 1.007376801293499297e-01 2.853848787206292315e-02 -2.188209067275595776e-01 9.736329925398161667e-01 -6.446865133588654262e-02 -1.132585022817403642e-01 -1.125551608563847422e-01 4.044283574342744103e-02 9.928220955264933645e-01 -9.336017162233978262e-02 0.000000000000000000e+00 0.000000000000000000e+00 0.000000000000000000e+00 1.000000000000000000e+00 -4.732986353177468519e-01 -8.102265693143841929e-01 4.282459841204793588e-02 4.784880873772961452e-01 -4.909162367806982341e-01 -2.514020806938994101e-01
9.696972722994433580e-01 2.240710673823223253e-01 9.736198973200033135e-02 3.019068335217538895e-02 -2.188706252859756729e-01 9.738265685631394275e-01 -6.129815769174171147e-02 -1.160960680529050243e-01 -1.085488359505799166e-01 3.813097678109925864e-02 9.933595418522584986e-01 -9.497146594843050571e-02 0.000000000000000000e+00 0.000000000000000000e+00 0.000000000000000000e+00 1.000000000000000000e+00 -4.671929725418436652e-01 -8.001588990878008012e-01 4.074930595036011655e-02 4.818344884351735691e-01 -4.913695572981596760e-01 -2.518387605490505776e-01
9.701221718223269619e-01 2.236563175754927579e-01 9.402565360283458851e-02 3.186431669270408523e-02 -2.189146167943137877e-01 9.740086718311551373e-01 -5.816784456383057578e-02 -1.189435400317424146e-01 -1.045914078589187252e-01 3.584632581352006908e-02 9.938690451435996387e-01 -9.657214774739841801e-02 0.000000000000000000e+00 0.000000000000000000e+00 0.000000000000000000e+00 1.000000000000000000e+00 -4.610741566517027601e-01 -7.900403284316672714e-01 3.871337770935505407e-02 4.849950367467832923e-01 -4.917117601028119234e-01 -2.522573551573893957e-01
9.705268697237585673e-01 2.232617928340799585e-01 9.072908681118443952e-02 3.355850490757671112e-02 -2.189531586547717734e-01 9.741796247915021079e-01 -5.507788436969662804e-02 -1.218001077376123786e-01 -1.006832149158884832e-01 3.358914661165365856e-02 9.943513765427480777e-01 -9.816202901680902426e-02 0.000000000000000000e+00 0.000000000000000000e+00 0.000000000000000000e+00 1.000000000000000000e+00 -4.549453798661780568e-01 -7.798774666877189565e-01 3.671657435926096308e-02 4.879726144618494743e-01 -4.919444827901516826e-01 -2.526579853948114907e-01
9.709118940384247054e-01 2.228870262102203015e-01 8.747266859713934140e-02 3.527237504742232466e-02 -2.189865274422154451e-01 9.743397478901136832e-01 -5.202842368789091509e-02 -1.246649712750460270e-01 -9.682455846091259088e-02 3.135967948711047837e-02 9.948073059397716245e-01 -9.974094322804120949e-02 0.000000000000000000e+00 0.000000000000000000e+00 0.000000000000000000e+00 1.000000000000000000e+00 -4.488096467414162682e-01 -7.696767080207693734e-01 3.475863335796999104e-02 4.907700992572698873e-01 -4.920693734930526864e-01 -2.530408113745085119e-01
9.712777716004672435e-01 2.225315523708601417e-01 8.425674325903360906e-02 3.700506445833094682e-02 -2.190149984051920351e-01 9.744893592065801968e-01 -4.901958444031968148e-02 -1.275373415102820374e-01 -9.301570392780654506e-02 2.915814229228708490e-02 9.952376008432317622e-01 -1.013087447434493638e-01 0.000000000000000000e+00 0.000000000000000000e+00 0.000000000000000000e+00 1.000000000000000000e+00 -4.426697915146112217e-01 -7.594442404560273197e-01 3.283927111392406784e-02 4.933903628871804670e-01 -4.920880894712174047e-01 -2.534060273843014022e-01
9.716250273251857417e-01 2.221949081250397251e-01 8.108162103563759660e-02 3.875572102452453510e-02 -2.190388449975304574e-01 9.746287741222002809e-01 -4.605146499239205771e-02 -1.304164402341013718e-01 -8.925688190511207876e-02 2.698473135239620041e-02 9.956430253254525686e-01 -1.028653082148473785e-01 0.000000000000000000e+00 0.000000000000000000e+00 0.000000000000000000e+00 1.000000000000000000e+00 -4.365284934707525655e-01 -7.491860537715384627e-01 3.095818495557453587e-02 4.958362698042559358e-01 -4.920022957621553172e-01 -2.537538573761488059e-01
9.719541835350080650e-01 2.218766329093219691e-01 7.794757898426565856e-02 4.052350339476726987e-02 -2.190583384392637556e-01 9.747583050178099118e-01 -4.312414118027193405e-02 -1.333015003109975227e-01 -8.554828917133361355e-02 2.483962233698781830e-02 9.960243390381138262e-01 -1.044105279667956049e-01 0.000000000000000000e+00 0.000000000000000000e+00 0.000000000000000000e+00 1.000000000000000000e+00 -4.303882905542535942e-01 -7.389079464142325193e-01 2.911505492739616466e-02 4.981106758485403518e-01 -4.918136638903116697e-01 -2.540845509448772521e-01
9.722657593278082322e-01 2.215762692346570362e-01 7.485486185563594574e-02 4.230758119244407839e-02 -2.190737473057280948e-01 9.748782609988174697e-01 -4.023766727342128341e-02 -1.361917658147837329e-01 -8.189008970839058155e-02 2.272297107768045388e-02 9.963822962943236217e-01 -1.059443173678421279e-01 0.000000000000000000e+00 0.000000000000000000e+00 0.000000000000000000e+00 1.000000000000000000e+00 -4.242515914234005758e-01 -7.286155315856587267e-01 2.730954543035389592e-02 5.002164270004697544e-01 -4.915238706313150296e-01 -2.543983797406743630e-01
9.725602699858184597e-01 2.212933630976145205e-01 7.180368296599927425e-02 4.410713520932471599e-02 -2.190853371437896380e-01 9.749889476451693016e-01 -3.739207687963133631e-02 -1.390864921507942442e-01 -7.828241569598698435e-02 2.063491433803460798e-02 9.967176452137063158e-01 -1.074666081925725741e-01 0.000000000000000000e+00 0.000000000000000000e+00 0.000000000000000000e+00 1.000000000000000000e+00 -4.181206861241545392e-01 -7.183142426239851330e-01 2.554130672283741813e-02 5.021563581950697630e-01 -4.911345968286143226e-01 -2.546956342664797313e-01
9.728382264235193588e-01 2.210274643586019050e-01 6.879422506678894988e-02 4.592135758310809945e-02 -2.190933701142274426e-01 9.750906667842269560e-01 -3.458738379885934605e-02 -1.419849461648845512e-01 -7.472536848907435081e-02 1.857557054079822870e-02 9.970311269273630650e-01 -1.089773499770544940e-01 0.000000000000000000e+00 0.000000000000000000e+00 0.000000000000000000e+00 1.000000000000000000e+00 -4.119977555406825753e-01 -7.080093377918350583e-01 2.380997629638104476e-02 5.039332921945873789e-01 -4.906475262600407117e-01 -2.549766210172092484e-01
9.731001346730064894e-01 2.207781270894126624e-01 6.582664121182262018e-02 4.774945195890901301e-02 -2.190981046593627746e-01 9.751837162847646345e-01 -3.182358283141035332e-02 -1.448864062394765728e-01 -7.121901958013426848e-02 1.654504045712787766e-02 9.973234748398361882e-01 -1.104765093700197931e-01 0.000000000000000000e+00 0.000000000000000000e+00 0.000000000000000000e+00 1.000000000000000000e+00 -4.058848797628671901e-01 -6.977059045647138191e-01 2.211518013895495335e-02 5.055500385170542677e-01 -4.900643445520607711e-01 -2.552416599228526928e-01
9.733464954054240614e-01 2.205449098922074302e-01 6.290105562190624611e-02 4.959063363490786441e-02 -2.190997951950730271e-01 9.752683898704903598e-01 -2.910065054531437920e-02 -1.477901623769292683e-01 -6.776341154762259567e-02 1.454340786183176172e-02 9.975954139454409342e-01 -1.119640694819086929e-01 0.000000000000000000e+00 0.000000000000000000e+00 0.000000000000000000e+00 1.000000000000000000e+00 -3.997840454957264367e-01 -6.874088635018511528e-01 2.045653389723551055e-02 5.070093924184871925e-01 -4.893867381396910243e-01 -2.554910820619714640e-01
9.735778034871342967e-01 2.203273761918214391e-01 6.001756454654222361e-02 5.144412969243498251e-02 -2.190986918263678196e-01 9.753449769516659984e-01 -2.641854600714036230e-02 -1.506955162705444773e-01 -6.435855899159154125e-02 1.257074015818483888e-02 9.978476601965230453e-01 -1.134400292336989607e-01 0.000000000000000000e+00 0.000000000000000000e+00 0.000000000000000000e+00 1.000000000000000000e+00 -3.936971526219808504e-01 -6.771229717700136819e-01 1.883364394802272690e-02 5.083141339266076253e-01 -4.886163932702193291e-01 -2.557252276160711935e-01
9.737945475693539077e-01 2.201250945031076878e-01 5.717623712232555028e-02 5.330917911080450267e-02 -2.190950400857336611e-01 9.754137624735501610e-01 -2.377721147994995773e-02 -1.536017813635427165e-01 -6.100444945722964529e-02 1.062708897542560468e-02 9.980809199213703797e-01 -1.149044027072624874e-01 0.000000000000000000e+00 0.000000000000000000e+00 0.000000000000000000e+00 1.000000000000000000e+00 -3.876260200167629399e-01 -6.668528263810029610e-01 1.724610838786019493e-02 5.094670269241191596e-01 -4.877549950490332464e-01 -2.559444440387927400e-01
9.739972097100402237e-01 2.199376386748652101e-01 5.437711622751882634e-02 5.518503286725032903e-02 -2.190890806934771284e-01 9.754750267805176733e-01 -2.117657309161972284e-02 -1.565082828963636485e-01 -5.770104434682810784e-02 8.712490741653219559e-03 9.982958892896443004e-01 -1.163572184988250630e-01 0.000000000000000000e+00 0.000000000000000000e+00 0.000000000000000000e+00 1.000000000000000000e+00 -3.815723907025193040e-01 -6.566028671949739604e-01 1.569351794891419780e-02 5.104708182797117466e-01 -4.868042265259884815e-01 -2.561490844169166392e-01
