5.533200649308793739e-01 2.313274199662279998e-02 8.326474536036275742e-01 0.000000000000000000e+00 6.471335036194597601e-01 6.174427844885264083e-01 -4.471941819570756649e-01 0.000000000000000000e+00 -5.244569898839086530e-01 7.862755777275375335e-01 3.266735092276948915e-01 0.000000000000000000e+00 0.000000000000000000e+00 0.000000000000000000e+00 0.000000000000000000e+00 1.000000000000000000e+00 -1.263360770696641544e-01 4.943791331992201110e-01 1.630647009990422447e-01 -4.878963455581060149e-01 1.631317806613363786e-01 -1.052253809033262266e-01
5.515063485555911083e-01 2.203761636153906203e-02 8.338795423088969372e-01 -1.745462915352401874e-03 6.487809149773170470e-01 6.170155187244770190e-01 -4.453932802478962061e-01 -8.506095386998220554e-04 -5.243320245802838286e-01 7.866423540229237066e-01 3.259903908792523008e-01 1.633112447411859446e-03 0.000000000000000000e+00 0.000000000000000000e+00 0.000000000000000000e+00 1.000000000000000000e+00 -1.146156055664356577e-01 3.880815371252130941e-01 2.665543634842141851e-01 -4.608319075701732825e-01 1.248428374035287780e-01 -1.114955972966343439e-01
5.501315182875079479e-01 2.070266125606898266e-02 8.348213656963830998e-01 -3.434421045612227538e-03 6.505073701021815147e-01 6.162345245517579784e-01 -4.439540205088733926e-01 -1.727831780263071370e-03 -5.236367770596320748e-01 7.872905503133923455e-01 3.255428009818045476e-01 3.038681339640280418e-03 0.000000000000000000e+00 0.000000000000000000e+00 0.000000000000000000e+00 1.000000000000000000e+00 -1.076009471261876599e-01 2.873947823323118600e-01 3.663386759025086814e-01 -4.338782075545537520e-01 8.680071152734056272e-02 -1.129776753436056436e-01
5.491742189055653922e-01 1.912029806430971812e-02 8.354891332702980566e-01 -5.049687331354267561e-03 6.523128037109306998e-01 6.151208658590003875e-01 -4.428479724184141153e-01 -2.640693726863368920e-03 -5.223941842876466124e-01 7.882009481412604046e-01 3.253361059369531127e-01 4.223857982795322687e-03 0.000000000000000000e+00 0.000000000000000000e+00 0.000000000000000000e+00 1.000000000000000000e+00 -1.050221798693676128e-01 1.910057746303089332e-01 4.621629723072938623e-01 -4.071084185985016091e-01 4.895635256717865286e-02 -1.104335701449853380e-01
5.486174025726403558e-01 1.728386502769326330e-02 8.358948582356602319e-01 -6.576860054554742145e-03 6.541927174519520660e-01 6.136956860998703522e-01 -4.420514602417923711e-01 -3.596715345421705456e-03 -5.206254262958063261e-01 7.893534524871402835e-01 3.253771548139827718e-01 5.194710485813843100e-03 0.000000000000000000e+00 0.000000000000000000e+00 0.000000000000000000e+00 1.000000000000000000e+00 -1.066633379178031221e-01 9.778296464233454666e-02 5.538217084962800962e-01 -3.805857961122575128e-01 1.126378348380952660e-02 -1.045295798526162945e-01
5.484477284796096530e-01 1.518739724827999731e-02 8.360469081393882007e-01 -8.003974738081233789e-03 6.561388887938764958e-01 6.119802587477291000e-01 -4.415449260768689044e-01 -4.602129847107454437e-03 -5.183501213608406877e-01 7.907272007247183598e-01 3.256741410238649936e-01 5.956382332374653490e-03 0.000000000000000000e+00 0.000000000000000000e+00 0.000000000000000000e+00 1.000000000000000000e+00 -1.123547143984271746e-01 6.750849238756809201e-03 6.411490121586379543e-01 -3.543653946329467508e-01 -2.632011524576330364e-02 -9.584901035679721515e-02
5.486550379055616933e-01 1.282544879907148404e-02 8.359504517982773164e-01 -9.321197239242040924e-03 6.581399631100792735e-01 6.099960465967525503e-01 -4.413123750107614263e-01 -5.662071055574072545e-03 -5.155865000253891939e-01 7.923006570201664989e-01 3.262364638847797260e-01 6.513228795278607104e-03 0.000000000000000000e+00 0.000000000000000000e+00 0.000000000000000000e+00 1.000000000000000000e+00 -1.219663930772137139e-01 -8.293245321208868315e-02 7.240104480770425122e-01 -3.284953335335173419e-01 -6.383573562787926703e-02 -8.490335624904121747e-02
5.492318971876514189e-01 1.019295195665959226e-02 8.356078192310010255e-01 -1.052055388415139812e-02 6.601819473478077738e-01 6.077647683926294953e-01 -4.413408919984170842e-01 -6.780733010659846863e-03 -5.123515592509366723e-01 7.940516923754167289e-01 3.270745941522435474e-01 6.868934225354876404e-03 0.000000000000000000e+00 0.000000000000000000e+00 0.000000000000000000e+00 1.000000000000000000e+00 -1.354027017296304536e-01 -1.719945201996272988e-01 8.022961879582076739e-01 -3.030177395915277794e-01 -1.013208150223439685e-01 -7.214207319850018951e-02
5.501731998839703985e-01 7.285108949089055819e-03 8.350187890924056777e-01 -1.159569444685278061e-02 6.622486220720289474e-01 6.053084701215584174e-01 -4.416202201225936652e-01 -7.961506225411174240e-03 -5.086611972011142457e-01 7.959576517249782324e-01 3.281999448134204078e-01 7.026612932556996691e-03 0.000000000000000000e+00 0.000000000000000000e+00 0.000000000000000000e+00 1.000000000000000000e+00 -1.525973713441202140e-01 -2.610649685761435301e-01 8.759156147575570817e-01 -2.779694587734506950e-01 -1.388104710291369059e-01 -5.796105061632064043e-02
5.514758191009927479e-01 4.097312090247337904e-03 8.341808160742031353e-01 -1.254168393251673883e-02 6.643218868113622833e-01 6.026495977851981101e-01 -4.421423902465384526e-01 -9.207094368400833145e-03 -5.045303287004081483e-01 7.979954100730535238e-01 3.296247467383408014e-01 6.988896064328754647e-03 0.000000000000000000e+00 0.000000000000000000e+00 0.000000000000000000e+00 1.000000000000000000e+00 -1.735092454747197699e-01 -3.506890513836062873e-01 9.447932945664812010e-01 -2.533826040852958927e-01 -1.763372109601793192e-01 -4.270990814308669309e-02
5.531383011946285899e-01 6.250886916272287847e-04 8.330892089388582944e-01 -1.335481939351183811e-02 6.663820517076112226e-01 5.998110683809567689e-01 -4.429013927156454367e-01 -1.051961458086804468e-02 -4.999729811932733803e-01 8.001414198197348560e-01 3.313619277974139132e-01 6.758006591858204369e-03 0.000000000000000000e+00 0.000000000000000000e+00 0.000000000000000000e+00 1.000000000000000000e+00 -1.981184243837519343e-01 -4.413387802537593885e-01 1.008866194905759128e+00 -2.292849882188955912e-01 -2.139309240156495040e-01 -2.669824211770409697e-02
5.551605926074572039e-01 -3.135932338332145849e-03 8.317372683077670636e-01 -1.403246833487389877e-02 6.684080866053726533e-01 5.968163359251009714e-01 -4.438928825646531462e-01 -1.190068415432619757e-02 -4.950023709705784203e-01 8.023717513276619195e-01 3.334249935555788080e-01 6.335824246901821354e-03 0.000000000000000000e+00 0.000000000000000000e+00 0.000000000000000000e+00 1.000000000000000000e+00 -2.264227563358515438e-01 -5.334218603446789775e-01 1.068082001463949604e+00 -2.057004769100116426e-01 -2.516188613105589389e-01 -1.020094370833598413e-02
5.575437923252392070e-01 -7.190034804975486971e-03 8.301163920228334936e-01 -1.457292561610669390e-02 6.703778369836194129e-01 5.936894495993656484e-01 -4.451139105570642296e-01 -1.335149588127406903e-02 -4.896309594896596229e-01 8.046621285316836181e-01 3.358279074753869331e-01 5.723942013713907706e-03 0.000000000000000000e+00 0.000000000000000000e+00 0.000000000000000000e+00 1.000000000000000000e+00 -2.584346082979976367e-01 -6.272887218068323723e-01 1.122398375179441743e+00 -1.826492898667627096e-01 -2.894256069413205790e-01 6.537297855449767520e-03
5.602814967146138025e-01 -1.153741702708239308e-02 8.282219109798230061e-01 -1.497794770970532763e-02 6.722685836862770659e-01 5.904599087715488581e-01 -4.465557611048323605e-01 -1.487145420477082453e-02 -4.838797340971219274e-01 8.069845007409384152e-01 3.385800047510866273e-01 4.922635073468449064e-03 0.000000000000000000e+00 0.000000000000000000e+00 0.000000000000000000e+00 1.000000000000000000e+00 -2.941904135417637289e-01 -7.191360923596757937e-01 1.168924004079256562e+00 -1.601482627074124199e-01 -3.273732770458294139e-01 2.201519699358573876e-02
5.633547691834916993e-01 -1.617153099662162891e-02 8.260568304341372459e-01 -1.525419341911859843e-02 6.740578977921770631e-01 5.871652558390536569e-01 -4.481996352220856128e-01 -1.645737253567305935e-02 -4.777837960478288903e-01 8.093055320782330808e-01 3.416828956806209350e-01 3.930237674194148913e-03 0.000000000000000000e+00 0.000000000000000000e+00 0.000000000000000000e+00 1.000000000000000000e+00 -3.335889984456474333e-01 -8.067159379163489907e-01 1.206045850066777447e+00 -1.382113771979162353e-01 -3.654801548687423574e-01 3.527269835700905937e-02
5.667431474683056747e-01 -2.108397999805468673e-02 8.236247156114261392e-01 -1.540953711965576366e-02 6.757240952555112479e-01 5.838440423416981773e-01 -4.500256454573731690e-01 -1.810542145483384768e-02 -4.713800518122878147e-01 8.115920159671039524e-01 3.451365638189113350e-01 2.744598761923503459e-03 0.000000000000000000e+00 0.000000000000000000e+00 0.000000000000000000e+00 1.000000000000000000e+00 -3.764077187969729343e-01 -8.914307130442581384e-01 1.234917640111045323e+00 -1.168501609272221547e-01 -4.037588895774516518e-01 4.657022009534200757e-02
5.704314747806242814e-01 -2.626790608390891166e-02 8.209250461299626433e-01 -1.545062079730896015e-02 6.772464052015385594e-01 5.805312777087462406e-01 -4.520185200907023693e-01 -1.981243926711325626e-02 -4.646990861062713085e-01 8.138141268908035686e-01 3.489431581954329786e-01 1.364074231640615385e-03 0.000000000000000000e+00 0.000000000000000000e+00 0.000000000000000000e+00 1.000000000000000000e+00 -4.224446944877933152e-01 -9.743648310007705371e-01 1.256547205147567903e+00 -9.607375974236935512e-02 -4.422165676524164035e-01 5.613018310514958364e-02
5.744086577894720325e-01 -3.171768049404521950e-02 8.179539622527260967e-01 -1.538300715348918726e-02 6.786051184689025906e-01 5.772588880347124807e-01 -4.541665659680226841e-01 -2.157585242570572714e-02 -4.577660849135252730e-01 8.159449524266557674e-01 3.531062837354982387e-01 -2.125282129962510844e-04 0.000000000000000000e+00 0.000000000000000000e+00 0.000000000000000000e+00 1.000000000000000000e+00 -4.715200946169570972e-01 -1.056355655035522201e+00 1.271812610051868964e+00 -7.588910945250743056e-02 -4.808554425452589154e-01 6.414205996051641767e-02
5.786666785189276130e-01 -3.742864289141140804e-02 8.147048384026401857e-01 -1.521131166830495124e-02 6.797816417784503518e-01 5.740561250443889652e-01 -4.564608253542431493e-01 -2.339360883880501479e-02 -4.506015936165605473e-01 8.179600616786322220e-01 3.576304558151228719e-01 -1.985994534510226919e-03 0.000000000000000000e+00 0.000000000000000000e+00 0.000000000000000000e+00 1.000000000000000000e+00 -5.234757720346681076e-01 -1.138046141061643812e+00 1.281477750831373275e+00 -5.630118810489306846e-02 -5.196735668593297497e-01 7.076679833997266689e-02
5.831997976617178114e-01 -4.339687792382103393e-02 8.111687302504568819e-01 -1.493931658832085320e-02 6.807584955028157525e-01 5.709499259922987680e-01 -4.588943812138869260e-01 -2.526412194394787175e-02 -4.432221433417190548e-01 8.198371140412222813e-01 3.625206749811782925e-01 -3.956741664543336756e-03 0.000000000000000000e+00 0.000000000000000000e+00 0.000000000000000000e+00 1.000000000000000000e+00 -5.781739157523726469e-01 -1.219924366182860709e+00 1.286206875378062220e+00 -3.731330458511157577e-02 -5.586653335094593498e-01 7.614068405065313461e-02
5.880039039725059036e-01 -4.961902033935650103e-02 8.073347284524429179e-01 -1.457006944691483299e-02 6.815192798246706429e-01 5.679652271706395750e-01 -4.614617776937767202e-01 -2.718622382287987777e-02 -4.356407714209418192e-01 8.215555088762304115e-01 3.677820902511717005e-01 -6.124847858326959091e-03 0.000000000000000000e+00 0.000000000000000000e+00 0.000000000000000000e+00 1.000000000000000000e+00 -6.354951431322869437e-01 -1.302353570669835037e+00 1.286577771363904832e+00 -1.892739767090231492e-02 -5.978219337181873705e-01 8.037870982378414464e-02
5.930759764969234515e-01 -5.609208188340199935e-02 8.031902430772565049e-01 -1.410596839388879135e-02 6.820486253745705607e-01 5.651252345893444939e-01 -4.641585313226865295e-01 -2.915912593708247513e-02 -4.278674565271531893e-01 8.230960747436729674e-01 3.734197280411007958e-01 -8.490077108374785228e-03 0.000000000000000000e+00 0.000000000000000000e+00 0.000000000000000000e+00 1.000000000000000000e+00 -6.953362989172705566e-01 -1.385595255371089074e+00 1.283093539832382168e+00 -1.144330851597260418e-03 -6.371317402875312785e-01 8.357751252631620553e-02
5.984136350117250647e-01 -6.281329471420364630e-02 7.987212365110715195e-01 -1.354883631404444136e-02 6.823321387033386420e-01 5.624516556767727993e-01 -4.669807146900390449e-01 -3.118238630837812456e-02 -4.199094850062402018e-01 8.244407957964732248e-01 3.794382698679578669e-01 -1.105189845218067582e-02 0.000000000000000000e+00 0.000000000000000000e+00 0.000000000000000000e+00 1.000000000000000000e+00 -7.576081297654059243e-01 -1.469827135262029572e+00 1.276192976571735027e+00 1.603582504672515507e-02 -6.765806246167136440e-01 8.581793588448823062e-02
6.040147602688291650e-01 -6.977996723795569511e-02 7.939124182544489150e-01 -1.289998545360728117e-02 6.823563491694106808e-01 5.599648957913808678e-01 -4.699245988837318921e-01 -3.325588216379095352e-02 -4.117717618369559629e-01 8.255725724963497436e-01 3.858418663380053237e-01 -1.380950086978685078e-02 0.000000000000000000e+00 0.000000000000000000e+00 0.000000000000000000e+00 1.000000000000000000e+00 -8.222329397383533189e-01 -1.555157238368956252e+00 1.266259641594204233e+00 3.261352542673509602e-02 -7.161522156249801041e-01 8.716726962548479452e-02
6.098771701759457819e-01 -7.698934918116602522e-02 7.887474119238850889e-01 -1.216027404698518354e-02 6.821086613492386430e-01 5.576842230909344611e-01 -4.729863442761023662e-01 -3.537978721957672074e-02 -4.034570772464733945e-01 8.264750137180443268e-01 3.926339780992434969e-01 -1.676180435532476781e-02 0.000000000000000000e+00 0.000000000000000000e+00 0.000000000000000000e+00 1.000000000000000000e+00 -8.891422911730927359e-01 -1.641635082804051571e+00 1.253629726790024268e+00 4.858950342295233205e-02 -7.558281082361060221e-01 8.768120982440676114e-02
6.159983414036216409e-01 -8.443850345389461443e-02 7.832089025462491971e-01 -1.133015624121944120e-02 6.815773154707810422e-01 5.556279049708953144e-01 -4.761617317034728125e-01 -3.755455290416957748e-02 -3.949663381156425235e-01 8.271322574379530446e-01 3.998172367688314632e-01 -1.990746765675001709e-02 0.000000000000000000e+00 0.000000000000000000e+00 0.000000000000000000e+00 1.000000000000000000e+00 -9.582747885419420353e-01 -1.729260613705216665e+00 1.238598843889146650e+00 6.396453989693275111e-02 -7.955880284926586388e-01 8.740557953753466669e-02
6.223751684237670556e-01 -9.212418295897709108e-02 7.772787706165108501e-01 -1.040972644793182120e-02 6.807513573336095858e-01 5.538133189139625712e-01 -4.794459279350615222e-01 -3.978089292000958066e-02 -3.862987717973322965e-01 8.275288174575038402e-01 4.073933205910249544e-01 -2.324489310591571281e-02 0.000000000000000000e+00 0.000000000000000000e+00 0.000000000000000000e+00 1.000000000000000000e+00 -1.029573965297724492e+00 -1.817991403566937336e+00 1.221427856205811180e+00 7.873925193023782743e-02 -8.354099617634932473e-01 8.637784364939157800e-02
6.290037538953149321e-01 -1.000427110031692629e-01 7.709382181947546098e-01 -9.398759108862854081e-03 6.796206185176912884e-01 5.522570402217922281e-01 -4.828332807428946660e-01 -4.205977062469425098e-02 -3.774521087516278794e-01 8.276494539300022213e-01 4.153628409093729767e-01 -2.677222890368448696e-02 0.000000000000000000e+00 0.000000000000000000e+00 0.000000000000000000e+00 1.000000000000000000e+00 -1.102986282181118716e+00 -1.907748491631440002e+00 1.202347872723807942e+00 9.291389965517904415e-02 -8.752702499313350648e-01 8.462844729254770382e-02
6.358792257852775576e-01 -1.081898643912161118e-01 7.641678914205922712e-01 -8.296744737709766532e-03 6.781757072639914563e-01 5.509749087472326501e-01 -4.863171399861465072e-01 -4.439238877645161618e-02 -3.684227494053784469e-01 8.274790658024352430e-01 4.237252365678902399e-01 -3.048736917948151673e-02 0.000000000000000000e+00 0.000000000000000000e+00 0.000000000000000000e+00 1.000000000000000000e+00 -1.178459238048222391e+00 -1.998421145654864173e+00 1.181564514745372163e+00 1.064882113162379518e-01 -9.151436629242019061e-01 8.218200319221817540e-02
6.429955777662818006e-01 -1.165607586520800987e-01 7.569480031326911718e-01 -7.102922994687860953e-03 6.764080101441547477e-01 5.499820764223395386e-01 -4.898897019961929722e-01 -4.678018124056420451e-02 -3.592059198198845338e-01 8.270026036253868007e-01 4.324786741740956342e-01 -3.438795210957216325e-02 0.000000000000000000e+00 0.000000000000000000e+00 0.000000000000000000e+00 1.000000000000000000e+00 -1.255939589680803214e+00 -2.089870762179213415e+00 1.159261555362086860e+00 1.194612266230533765e-01 -9.550034494976100685e-01 7.905834979307148347e-02
6.503455303491286754e-01 -1.251497351725432139e-01 7.492584587346996505e-01 -5.816313458171390623e-03 6.743097044630321779e-01 5.492930370904444137e-01 -4.935418752531222086e-01 -4.922480629447665429e-02 -3.497958200606218204e-01 8.262050015085925514e-01 4.416199528224185045e-01 -3.847135635183075025e-02 0.000000000000000000e+00 0.000000000000000000e+00 0.000000000000000000e+00 1.000000000000000000e+00 -1.335371674437702882e+00 -2.181934072313713280e+00 1.135604021514865059e+00 1.318311586741335029e-01 -9.948213717880020068e-01 7.527349898358086377e-02
6.579204109517508003e-01 -1.339502503084320506e-01 7.410789880001587004e-01 -4.435744677359899218e-03 6.718737812156858613e-01 5.489216399033444160e-01 -4.972631659236767532e-01 -5.172814120182920444e-02 -3.401857685766376260e-01 8.250711272965532972e-01 4.511444124328633509e-01 -4.273469603556685065e-02 0.000000000000000000e+00 0.000000000000000000e+00 0.000000000000000000e+00 1.000000000000000000e+00 -1.416695828443324867e+00 -2.274425783993403005e+00 1.110740838052089563e+00 1.435952749587889044e-01 -1.034567727839853069e+00 7.084048958210351077e-02
6.657100517178552446e-01 -1.429547668165005447e-01 7.323892851236328827e-01 -2.959882018907721360e-03 6.690940783219229138e-01 5.488810873393864531e-01 -5.010415823153542281e-01 -5.429227775116699656e-02 -3.303683453906202661e-01 8.235857503016049685e-01 4.610458453382495492e-01 -4.717481453202496122e-02 0.000000000000000000e+00 0.000000000000000000e+00 0.000000000000000000e+00 1.000000000000000000e+00 -1.499846892917752639e+00 -2.367140765234821309e+00 1.084807083345856737e+00 1.547497981585098104e-01 -1.074211366053842154e+00 6.577016042939648477e-02
6.737027044108900853e-01 -1.521546482070322559e-01 7.231691589770462558e-01 -1.387254756866748186e-03 6.659653237676839144e-01 5.491839187361243768e-01 -5.048635577133241403e-01 -5.691951847491748956e-02 -3.203355364541292660e-01 8.217335261567612070e-01 4.713164111762355168e-01 -5.178827722356423718e-02 0.000000000000000000e+00 0.000000000000000000e+00 0.000000000000000000e+00 1.000000000000000000e+00 -1.584752801977843628e+00 -2.459855853546531801e+00 1.057925916881538031e+00 1.652898276530755384e-01 -1.113719695303197588e+00 6.007185488949881580e-02
6.818849721438910993e-01 -1.615400568630262212e-01 7.133986951985357150e-01 2.837172026079793925e-04 6.624831881812712764e-01 5.498419801131724238e-01 -5.087138914207818274e-01 -5.961237327955274529e-02 -3.100788811198992856e-01 8.194989985346262662e-01 4.819465555254733857e-01 -5.657136348646124580e-02 0.000000000000000000e+00 0.000000000000000000e+00 0.000000000000000000e+00 1.000000000000000000e+00 -1.671333246599016942e+00 -2.552331362564119743e+00 1.030210230879429645e+00 1.752092827818103882e-01 -1.153058694310117538e+00 5.375406674492125281e-02
6.902417580783279938e-01 -1.710998570091085691e-01 7.030584314095986720e-01 2.054696624063566401e-03 6.586443462553712713e-01 5.508663809874271289e-01 -5.125757081289773476e-01 -6.237355622966819085e-02 -2.995896243108276402e-01 8.168666176194899764e-01 4.929249330792044304e-01 -6.152005810304216754e-02 0.000000000000000000e+00 0.000000000000000000e+00 0.000000000000000000e+00 1.000000000000000000e+00 -1.759498411290444153e+00 -2.644312346832085492e+00 1.001764070455865019e+00 1.845008690105502946e-01 -1.192192923753147227e+00 4.682503583829285970e-02
6.987557770549821523e-01 -1.808208950563547079e-01 6.921301696245399926e-01 3.926589698634783999e-03 6.544479584323277255e-01 5.522639465610027498e-01 -5.164323810834708928e-01 -6.520538551531607219e-02 -2.888567746282936777e-01 8.138232849191815443e-01 5.042354890589390015e-01 -6.663061913344507647e-02 0.000000000000000000e+00 0.000000000000000000e+00 0.000000000000000000e+00 1.000000000000000000e+00 -1.847751324959560737e+00 -2.735530609119850354e+00 9.737181737709075247e-01 1.931497675018158389e-01 -1.231083823620660489e+00 3.883387867767585516e-02
7.074072350964472067e-01 -1.906879811594990315e-01 6.805976061197102078e-01 5.899115047863693825e-03 6.498964638763429225e-01 5.540353238355230081e-01 -5.202686300943347719e-01 -6.810944342062852375e-02 -2.778661414323013723e-01 8.103597693018417258e-01 5.158560415607117422e-01 -7.189992045083756778e-02 0.000000000000000000e+00 0.000000000000000000e+00 0.000000000000000000e+00 1.000000000000000000e+00 -1.935285961326849602e+00 -2.825727636165422663e+00 9.467404673154198314e-01 2.011292976657671483e-01 -1.269688785531601694e+00 2.954843069148131024e-02
7.161742675142483971e-01 -2.006849507615752204e-01 6.684459387923082918e-01 7.971635643027981041e-03 6.449941567089109151e-01 5.561785758339622410e-01 -5.240686319062340948e-01 -7.108716134280511356e-02 -2.666026237830164680e-01 8.064681917597535943e-01 5.277614050492114295e-01 -7.732490318068788171e-02 0.000000000000000000e+00 0.000000000000000000e+00 0.000000000000000000e+00 1.000000000000000000e+00 -2.022098182381844023e+00 -2.914658693735658002e+00 9.209199363350353273e-01 2.084064007178149103e-01 -1.307962936007585952e+00 1.899879706111052419e-02
7.250332618965233955e-01 -2.107950743146908834e-01 6.556616581011051048e-01 1.014359094681097605e-02 6.397464162329293824e-01 5.586911479052426577e-01 -5.278150486657740004e-01 -7.414014562588722157e-02 -2.550515531626240673e-01 8.021406609652380615e-01 5.399250590168310771e-01 -8.290225604247672408e-02 0.000000000000000000e+00 0.000000000000000000e+00 0.000000000000000000e+00 1.000000000000000000e+00 -2.108173405411578383e+00 -3.002085342002176471e+00 8.963299061976462978e-01 2.149451652141799174e-01 -1.345860194263936993e+00 7.218314369793142268e-03
7.339589474962643356e-01 -2.210009967898686201e-01 6.422326891683749484e-01 1.241447502440147510e-02 6.341597318681665429e-01 5.615698633350496571e-01 -5.314891575308450244e-01 -7.727017491410785588e-02 -2.431988911112431262e-01 7.973693310906312393e-01 5.523191590044305155e-01 -8.862840968498268690e-02 0.000000000000000000e+00 0.000000000000000000e+00 0.000000000000000000e+00 1.000000000000000000e+00 -2.193487161039280320e+00 -3.087774535523214237e+00 8.730288393774628952e-01 2.207071057226048794e-01 -1.383333371315834004e+00 -5.756113868967179664e-03
7.429244968407942018e-01 -2.312846874822143961e-01 6.281485410854320550e-01 1.478381392548758048e-02 6.282417319777477971e-01 5.648109155441515261e-01 -5.350709835689602123e-01 -8.047919697117922322e-02 -2.310314286489496549e-01 7.921464670399582797e-01 5.649145581758854284e-01 -9.449953124415613748e-02 0.000000000000000000e+00 0.000000000000000000e+00 0.000000000000000000e+00 1.000000000000000000e+00 -2.278005628932052051e+00 -3.171497533412444003e+00 8.510610491532453192e-01 2.256514857200976332e-01 -1.420334282139061877e+00 -1.988369182797949247e-02
7.519016398561094716e-01 -2.416274001985503350e-01 6.134004629096638794e-01 1.725114237000316755e-02 6.220012155148909594e-01 5.684098572690343687e-01 -5.385394356039203689e-01 -8.376932491272628956e-02 -2.185369871702584621e-01 7.864645166371680984e-01 5.776808407004430101e-01 -1.005115192375888450e-01 0.000000000000000000e+00 0.000000000000000000e+00 0.000000000000000000e+00 1.000000000000000000e+00 -2.361686151075014006e+00 -3.253028675207564113e+00 8.304573404548502014e-01 2.297356836924717705e-01 -1.456813872725237324e+00 -3.511941589163231764e-02
7.608607910117389794e-01 -2.520096439741308925e-01 5.979816055602119595e-01 1.981597979392877781e-02 6.154481853201053676e-01 5.723615871353110451e-01 -5.418724448324443443e-01 -8.714283280783592656e-02 -2.057046203135983464e-01 7.803161892987950932e-01 5.905863682770625678e-01 -1.066599988996349974e-01 0.000000000000000000e+00 0.000000000000000000e+00 0.000000000000000000e+00 1.000000000000000000e+00 -2.444477722575365330e+00 -3.332144075559542618e+00 8.112355870503802358e-01 2.329156013115221968e-01 -1.492722363667116303e+00 -5.141377014187123451e-02
7.697711901593256023e-01 -2.624111645186957276e-01 5.818871885300699320e-01 2.247780583109797864e-02 6.085938817977316617e-01 5.766603340558144053e-01 -5.450471061667153672e-01 -9.060215061368602496e-02 -1.925248161019637028e-01 7.736945406913291468e-01 6.035983411763157225e-01 -1.129403180513019328e-01 0.000000000000000000e+00 0.000000000000000000e+00 0.000000000000000000e+00 1.000000000000000000e+00 -2.526321460384117312e+00 -3.408620287591379139e+00 7.934012536832479867e-01 2.351461123897503058e-01 -1.528009411707115239e+00 -6.871243501460858050e-02
7.786010578658203451e-01 -2.728109366327152729e-01 5.651146700206157725e-01 2.523603532053550133e-02 6.014508155838609316e-01 5.812996399177189355e-01 -5.480398223703181193e-01 -9.414985841196386873e-02 -1.789896984179592532e-01 7.665930628327581875e-01 6.166828751796319397e-01 -1.193475435919057054e-01 0.000000000000000000e+00 0.000000000000000000e+00 0.000000000000000000e+00 1.000000000000000000e+00 -2.607151051184982471e+00 -3.482232989070566553e+00 7.769478676864388644e-01 2.363815510395420594e-01 -1.562624290458883403e+00 -8.695601428351357187e-02
7.873177662395440812e-01 -2.831871678075341681e-01 5.476639186265649384e-01 2.808999291122998149e-02 5.940327975431124452e-01 5.862723411224485259e-01 -5.508264512324551054e-01 -9.778867989161901808e-02 -1.650932265648364372e-01 7.590057790197692889e-01 6.298050958002461286e-01 -1.258764587245882471e-01 0.000000000000000000e+00 0.000000000000000000e+00 0.000000000000000000e+00 1.000000000000000000e+00 -2.686893187387137782e+00 -3.552755812611743114e+00 7.618574132285762524e-01 2.365762370180357066e-01 -1.596516091110997015e+00 -1.060798051798905184e-01
7.958880259962650694e-01 -2.935173134188218125e-01 5.295373846005051455e-01 3.103888737515443641e-02 5.863549646040201457e-01 5.915705494998834135e-01 -5.533824558176372310e-01 -1.015214750504861152e-01 -1.508313914293817892e-01 7.509273428971446895e-01 6.429292510521230630e-01 -1.325215609958532437e-01 0.000000000000000000e+00 0.000000000000000000e+00 0.000000000000000000e+00 1.000000000000000000e+00 -2.765468010323649306e+00 -3.619959161066523823e+00 7.481007638070888977e-01 2.356850355989305312e-01 -1.629633943787521355e+00 -1.260135798652586847e-01
8.042780901235861979e-01 -3.037781040301134605e-01 5.107402688456376127e-01 3.408178582757766251e-02 5.784338002462473538e-01 5.971856329942605290e-01 -5.556830575902063085e-01 -1.053512321740550373e-01 -1.362024066770873287e-01 7.423531409910131273e-01 6.560188437465926947e-01 -1.392770611274650183e-01 0.000000000000000000e+00 0.000000000000000000e+00 0.000000000000000000e+00 1.000000000000000000e+00 -2.842789507416005890e+00 -3.683609046963600253e+00 7.356381263100837398e-01 2.336639489855389940e-01 -1.661927260409454821e+00 -1.466813626189945874e-01
8.124539747591557060e-01 -3.139455850807000847e-01 4.912806871149697496e-01 3.721758800207509987e-02 5.702871479330431370e-01 6.031081966991456156e-01 -5.577033925362904210e-01 -1.092810591063796688e-01 -1.212068930551071233e-01 7.332793979255922689e-01 6.690367841811309946e-01 -1.461368826589946879e-01 0.000000000000000000e+00 0.000000000000000000e+00 0.000000000000000000e+00 1.000000000000000000e+00 -2.918765897890755578e+00 -3.743466200536880617e+00 7.244194243914012787e-01 2.304707357064073314e-01 -1.693345999346301145e+00 -1.680012659914247031e-01
8.203816978291691431e-01 -3.239951692129998118e-01 4.711698263647787210e-01 4.044500067836040436e-02 5.619342155274478223e-01 6.093280649560408602e-01 -5.594186704066335114e-01 -1.133141737777651897e-01 -1.058480534708014786e-01 7.237032833823616729e-01 6.819455639454594653e-01 -1.530946624718330651e-01 0.000000000000000000e+00 0.000000000000000000e+00 0.000000000000000000e+00 1.000000000000000000e+00 -2.993300019589111738e+00 -3.799285376649655266e+00 7.143846812077154773e-01 2.260655533296912489e-01 -1.723840951499002738e+00 -1.898853752381119420e-01
8.280275354777133501e-01 -3.339017015938137156e-01 4.504220901517443920e-01 4.376251238948043742e-02 5.533955689386886867e-01 6.158342652057973154e-01 -5.608043368700800224e-01 -1.174538939776412494e-01 -9.013183630083484998e-02 7.136230197515872620e-01 6.947074512337945151e-01 -1.601437522351755183e-01 0.000000000000000000e+00 0.000000000000000000e+00 0.000000000000000000e+00 1.000000000000000000e+00 -3.066289730312427242e+00 -3.850814877086122134e+00 7.054644191254859642e-01 2.204116187860729048e-01 -1.753364047160014483e+00 -2.122396903640727528e-01
8.353582958583030127e-01 -3.436395384862142022e-01 4.290552299015979454e-01 4.716836857960712837e-02 5.446931133417691751e-01 6.226150142409050403e-01 -5.618362381914953074e-01 -1.217036264135466089e-01 -7.406708423466445979e-02 7.030379893933504931e-01 7.072847075810319017e-01 -1.672772207449811366e-01 0.000000000000000000e+00 0.000000000000000000e+00 0.000000000000000000e+00 1.000000000000000000e+00 -3.137628271744477448e+00 -3.897796266118089825e+00 6.975800857998203375e-01 2.134758798858959750e-01 -1.781868682836800888e+00 -2.349640948844908261e-01
8.423416094757546491e-01 -3.531826393043061563e-01 4.070904585617067251e-01 5.066054734397593129e-02 5.358500602728074602e-01 6.296577076099303394e-01 -5.624907878603451206e-01 -1.260668550538179278e-01 -5.766566567584151953e-02 6.919488402260101090e-01 7.196398256227859447e-01 -1.744878571721598104e-01 0.000000000000000000e+00 0.000000000000000000e+00 0.000000000000000000e+00 1.000000000000000000e+00 -3.207204704896827963e+00 -3.939964401922509740e+00 6.906445143133045361e-01 2.052296902172028592e-01 -1.809310066482233026e+00 -2.579524285220083923e-01
8.489462347460047242e-01 -3.625046723239416790e-01 3.845525429574118692e-01 5.423673586114074324e-02 5.268908789695392336e-01 6.369489129957139895e-01 -5.627451343330116540e-01 -1.305471287221123822e-01 -4.094258552285061359e-02 6.803575881642430767e-01 7.317357870553267141e-01 -1.817681752676427454e-01 0.000000000000000000e+00 0.000000000000000000e+00 0.000000000000000000e+00 1.000000000000000000e+00 -3.274904357115089315e+00 -3.977047720887433968e+00 6.845624379392982739e-01 1.956494782000818833e-01 -1.835645578806545108e+00 -2.810926225294319569e-01
8.551423767837463830e-01 -3.715791340395406817e-01 3.614698712734899511e-01 5.789430767069721206e-02 5.178412305439541452e-01 6.444743683349882790e-01 -5.625773287992303917e-01 -1.351480479586933958e-01 -2.391607214437640669e-02 6.682677148766241748e-01 7.435363393334696314e-01 -1.891104185102590596e-01 0.000000000000000000e+00 0.000000000000000000e+00 0.000000000000000000e+00 1.000000000000000000e+00 -3.340609306899049891e+00 -4.008768817786743099e+00 6.792310672930119697e-01 1.847174002433409623e-01 -1.860835147996246830e+00 -3.042669187523736052e-01
8.609020168305917542e-01 -3.803794820254035036e-01 3.378744920091749648e-01 6.163030092302518304e-02 5.087278837076331106e-01 6.522189855147407789e-01 -5.619664916083338957e-01 -1.398732511229671405e-01 -6.607637292165166598e-03 6.556842591308010837e-01 7.550062891378679364e-01 -1.965065662297790228e-01 0.000000000000000000e+00 0.000000000000000000e+00 0.000000000000000000e+00 1.000000000000000000e+00 -3.404198934897836537e+00 -4.034845342379600019e+00 6.745407431903241990e-01 1.724219665608507090e-01 -1.884841634246105180e+00 -3.273521919056383567e-01
8.661992490769656605e-01 -3.888792808551625457e-01 3.138021209448971227e-01 6.544139776850800561e-02 4.995786109821489518e-01 6.601668603961153847e-01 -5.608929758418530476e-01 -1.447263997653965850e-01 1.095789421001997291e-02 6.426139000059581941e-01 7.661118098985852942e-01 -2.039483406631211471e-01 0.000000000000000000e+00 0.000000000000000000e+00 0.000000000000000000e+00 1.000000000000000000e+00 -3.465550456673178736e+00 -4.054991215184323927e+00 6.703756579843056507e-01 1.587586276613680847e-01 -1.907631220170703745e+00 -3.502203271326942979e-01
8.710106209645565034e-01 -3.970523604485847735e-01 2.892921127915842328e-01 6.932390502833948864e-02 4.904220645795305811e-01 6.683012899576249444e-01 -5.593385262306005412e-01 -1.497111632516308077e-01 2.875238804963456407e-02 6.290650300776574610e-01 7.768207600950566283e-01 -2.114272149567833770e-01 0.000000000000000000e+00 0.000000000000000000e+00 0.000000000000000000e+00 1.000000000000000000e+00 -3.524539580894127333e+00 -4.068918204077576206e+00 6.666146740117259162e-01 1.437303083509118840e-01 -1.929173802182418518e+00 -3.727387397998465079e-01
8.753154723767284651e-01 -4.048729859839344525e-01 2.643873944289486522e-01 7.327373626940134055e-02 4.812876314566769675e-01 6.766047973747504329e-01 -5.572864313204259901e-01 -1.548312025708262485e-01 4.674444011067852012e-02 6.150478165072214010e-01 7.871030084628433121e-01 -2.189344221961978809e-01 0.000000000000000000e+00 0.000000000000000000e+00 0.000000000000000000e+00 1.000000000000000000e+00 -3.581041214426864627e+00 -4.076337853961899960e+00 6.631322303199171930e-01 1.273478750497905321e-01 -1.949443376831277996e+00 -3.947709919140135471e-01
8.790962684729439758e-01 -4.123160381054952195e-01 2.391343571491281461e-01 7.728639545164214808e-02 4.722052674129156857e-01 6.850591657178067839e-01 -5.547216666917392791e-01 -1.600901533060674897e-01 6.489945468583160904e-02 6.005742480514385528e-01 7.969307614598996059e-01 -2.264609654848957487e-01 0.000000000000000000e+00 0.000000000000000000e+00 0.000000000000000000e+00 1.000000000000000000e+00 -3.634930238998476337e+00 -4.076963783004261543e+00 6.597993417819174589e-01 1.096305222807509444e-01 -1.968418415704768609e+00 -4.161775202346095215e-01
8.823389203436476924e-01 -4.193572018116837885e-01 2.135827058088123898e-01 8.135696231577181636e-02 4.632053104768738550e-01 6.936454808998578914e-01 -5.516310268858587440e-01 -1.654916077152086273e-01 8.317976319037086175e-02 5.856581659850391697e-01 8.062788877362145890e-01 -2.339976291405924946e-01 0.000000000000000000e+00 0.000000000000000000e+00 0.000000000000000000e+00 1.000000000000000000e+00 -3.686082364011178836e+00 -4.070514360339562820e+00 6.564846820987287890e-01 9.060606399601166261e-02 -1.986082221635576683e+00 -4.368164813136030666e-01
8.850330871234305397e-01 -4.259731620545333941e-01 1.877852634887667571e-01 8.548007969765893110e-02 4.543182743171832461e-01 7.023441843903964754e-01 -5.480032435767239196e-01 -1.710390958650426507e-01 1.015447847416083849e-01 5.703152769858496063e-01 8.151252337654720792e-01 -2.415349910912816533e-01 0.000000000000000000e+00 0.000000000000000000e+00 0.000000000000000000e+00 1.000000000000000000e+00 -3.734375061648669281e+00 -4.056715734621920255e+00 6.530557613023628694e-01 7.031111576511413219e-02 -2.002423258346201163e+00 -4.565447087331082066e-01
8.871724528115871866e-01 -4.321418037049311045e-01 1.617977309250834828e-01 8.964994295107642230e-02 4.455746228618009952e-01 7.111351361919936442e-01 -5.438290873770007527e-01 -1.767360656754875248e-01 1.199512292733085073e-01 5.545631459950921549e-01 8.234509243944575507e-01 -2.490634366954663226e-01 0.000000000000000000e+00 0.000000000000000000e+00 0.000000000000000000e+00 1.000000000000000000e+00 -3.779688663330338816e+00 -4.035305244864042962e+00 6.493801626483708400e-01 4.879115412837495280e-02 -2.017435444492197583e+00 -4.752188446643874076e-01
8.887549706982260656e-01 -4.378424131094935112e-01 1.356784013922981980e-01 9.386029178949684137e-02 4.370045280286817269e-01 7.199976879492134829e-01 -5.391014511382175023e-01 -1.825858620264726451e-01 1.383533429134441717e-01 5.384211678532108136e-01 8.312406412657885602e-01 -2.565731737880272978e-01 0.000000000000000000e+00 0.000000000000000000e+00 0.000000000000000000e+00 1.000000000000000000e+00 -3.821907243009764255e+00 -4.006035060468185804e+00 6.453268967558719593e-01 2.610044289219154087e-02 -2.031118405096540069e+00 -4.926963594730133789e-01
8.897830683305777422e-01 -4.430558781641267818e-01 1.094878321770482582e-01 9.810440477286631877e-02 4.286376127381081869e-01 7.289107662979855684e-01 -5.338154124386116361e-01 -1.885917048032503540e-01 1.567031946055630898e-01 5.219105162676352938e-01 8.384828722067851903e-01 -2.640542491767748357e-01 0.000000000000000000e+00 0.000000000000000000e+00 0.000000000000000000e+00 1.000000000000000000e+00 -3.860919923839603474e+00 -3.968676271946884437e+00 6.407677349519266263e-01 2.301816163892946021e-03 -2.043477671177814869e+00 -5.088369335447658903e-01
8.902638059628327216e-01 -4.477648836561275991e-01 8.328847468385780495e-02 1.023750966721283656e-01 4.205026820468424908e-01 7.378529664767146112e-01 -5.279682728498229505e-01 -1.947566656558666065e-01 1.749510020490133155e-01 5.050540686370746934e-01 8.451701247719629606e-01 -2.714965669983943064e-01 0.000000000000000000e+00 0.000000000000000000e+00 0.000000000000000000e+00 1.000000000000000000e+00 -3.896622126736140057e+00 -3.923023128421808448e+00 6.355786851151274952e-01 -2.253369068400140965e-02 -2.054524817422628935e+00 -5.235037928292229914e-01
8.902089819142089411e-01 -4.519540978440796941e-01 5.714426677215875272e-02 1.066647190782776117e-01 4.126274454932414293e-01 7.468026555884483830e-01 -5.215595725920635362e-01 -2.010836435340729034e-01 1.930454938044547653e-01 4.878763065556840361e-01 8.512990966732115750e-01 -2.788899089567124512e-01 0.000000000000000000e+00 0.000000000000000000e+00 0.000000000000000000e+00 1.000000000000000000e+00 -3.928916830915543112e+00 -3.868897619733443261e+00 6.296412506523710872e-01 -4.832736502001246104e-02 -2.064277530487238721e+00 -5.365651865782599117e-01
8.896351786142151497e-01 -4.556103465629684490e-01 3.112019205475706832e-02 1.109651646130014185e-01 4.050382346539780909e-01 7.557380846619635717e-01 -5.145910792450004712e-01 -2.075753390478839444e-01 2.109343034704289077e-01 4.704031919288030883e-01 8.568707964580557501e-01 -2.862239565042319356e-01 0.000000000000000000e+00 0.000000000000000000e+00 0.000000000000000000e+00 1.000000000000000000e+00 -3.957715915377634452e+00 -3.806154009797942717e+00 6.228439673902943507e-01 -7.499349622594168874e-02 -2.072759601002681862e+00 -5.478958101551217874e-01
8.885637439537675819e-01 -4.587227710661058167e-01 5.281811728650415150e-03 1.152678751048043376e-01 3.977597203199403908e-01 7.646375085949543848e-01 -5.070667494205881587e-01 -2.142342275870261770e-01 2.285643908785817136e-01 4.526620188031431624e-01 8.618906085745562384e-01 -2.934883152650341054e-01 0.000000000000000000e+00 0.000000000000000000e+00 0.000000000000000000e+00 1.000000000000000000e+00 -3.982941656285531984e+00 -3.734683586055821181e+00 6.150836695451433744e-01 -1.024402075191986894e-01 -2.080000832099621277e+00 -5.573784481636975263e-01
8.870207039562277851e-01 -4.612829651689515087e-01 -2.030522419914914181e-02 1.195638541227260626e-01 3.908146334671119271e-01 7.734793125845147443e-01 -4.989926636216390765e-01 -2.210625313343887732e-01 2.458824841310925935e-01 4.346812425137859814e-01 8.663682973307539337e-01 -3.006725417157296021e-01 0.000000000000000000e+00 0.000000000000000000e+00 0.000000000000000000e+00 1.000000000000000000e+00 -4.004527907795639052e+00 -3.654419247187930431e+00 6.062667040166028753e-01 -1.305704305203949644e-01 -2.086036860489669742e+00 -5.649053972864709339e-01
